-2.452577e-02	2.766366e-02
3.196353e-02	2.886343e-02
-2.229366e-02	2.851747e-02
3.264816e-04	2.790351e-02
4.543275e-02	2.867800e-02
3.758085e-03	2.918517e-02
-1.893054e-02	2.813301e-02
7.222590e-03	2.738476e-02
1.010773e-02	2.846140e-02
-2.312671e-02	2.930270e-02
1.474112e-02	2.724423e-02
6.759008e-02	2.854792e-02
-2.728490e-02	2.850871e-02
1.092788e-02	2.826868e-02
2.320237e-02	2.897335e-02
5.152376e-02	2.785708e-02
5.436576e-02	2.772002e-02
3.349147e-02	2.701327e-02
-1.210924e-02	2.781565e-02
-2.523602e-02	2.870355e-02
5.668489e-02	2.863614e-02
7.881903e-02	2.739690e-02
9.024109e-02	2.671379e-02
8.201347e-02	2.875309e-02
8.672678e-02	2.892331e-02
1.400945e-01	2.861808e-02
1.577606e-01	2.842965e-02
2.066980e-01	2.764665e-02
2.298763e-01	2.808965e-02
2.502633e-01	2.924728e-02
3.070510e-01	2.765513e-02
2.577450e-01	2.820260e-02
3.583588e-01	2.838013e-02
4.248531e-01	2.769475e-02
4.595883e-01	2.832909e-02
5.047598e-01	2.829215e-02
5.492292e-01	2.678663e-02
6.111063e-01	2.928299e-02
6.824013e-01	2.874410e-02
6.805424e-01	2.802199e-02
7.531785e-01	2.757741e-02
8.269724e-01	2.818590e-02
8.264750e-01	2.854370e-02
8.327132e-01	2.817264e-02
9.118116e-01	2.699735e-02
9.315555e-01	2.828598e-02
9.936625e-01	2.882433e-02
9.907708e-01	2.869457e-02
1.006145e+00	2.912304e-02
1.044276e+00	2.723807e-02
9.860822e-01	2.880746e-02
9.766957e-01	2.846459e-02
9.547130e-01	2.914136e-02
9.902683e-01	2.814902e-02
9.342157e-01	2.647829e-02
8.753680e-01	2.830323e-02
9.170795e-01	2.779108e-02
8.501877e-01	2.920246e-02
7.435699e-01	2.701264e-02
7.424961e-01	2.929895e-02
6.992820e-01	2.773898e-02
6.626439e-01	2.738164e-02
6.565410e-01	2.839465e-02
5.613914e-01	2.795701e-02
5.091207e-01	2.783039e-02
4.624760e-01	2.811881e-02
3.906904e-01	2.924454e-02
3.705827e-01	2.884474e-02
3.088166e-01	2.946674e-02
2.739941e-01	2.791609e-02
2.560880e-01	2.731985e-02
2.355968e-01	2.734189e-02
1.609330e-01	2.925333e-02
1.248626e-01	2.799885e-02
1.289126e-01	2.823255e-02
1.340471e-01	2.764661e-02
1.155831e-01	2.823453e-02
8.345597e-02	2.807672e-02
1.015385e-01	2.728244e-02
5.718883e-02	2.797011e-02
3.400164e-02	2.683532e-02
3.594765e-02	2.812572e-02
2.491323e-02	2.688952e-02
4.040902e-02	2.796180e-02
1.596615e-02	2.665013e-02
-1.320580e-02	2.774346e-02
2.614360e-02	2.953955e-02
3.958082e-02	2.886574e-02
1.637436e-02	2.768516e-02
2.301995e-02	2.833733e-02
5.320139e-02	2.814450e-02
-1.170435e-03	2.896711e-02
3.307745e-02	2.843760e-02
-4.638562e-02	2.859666e-02
-3.740179e-02	2.877321e-02
-3.852476e-02	2.763575e-02
-4.029746e-02	2.888013e-02
2.370405e-02	2.830131e-02
-8.527937e-03	2.870638e-02
5.462628e-02	2.826374e-02
