-4.93399240e-02
-5.02423272e-02
-5.11451326e-02
-5.20478524e-02
-5.29500172e-02
-5.38511761e-02
-5.47508895e-02
-5.56487367e-02
-5.65443188e-02
-5.74372485e-02
-5.83271496e-02
-5.92136681e-02
-6.00964613e-02
-6.09751940e-02
-6.18495457e-02
-6.27192184e-02
-6.35839179e-02
-6.44433722e-02
-6.52973130e-02
-6.61454797e-02
-6.69876412e-02
-6.78235516e-02
-6.86529800e-02
-6.94757178e-02
-7.02915564e-02
-7.11003020e-02
-7.19017610e-02
-7.26957619e-02
-7.34821334e-02
-7.42607266e-02
-7.50313848e-02
-7.57939667e-02
-7.65483305e-02
-7.72943571e-02
-7.80319050e-02
-7.87608624e-02
-7.94811174e-02
-8.01925659e-02
-8.08951035e-02
-8.15886408e-02
-8.22730809e-02
-8.29483345e-02
-8.36143345e-02
-8.42709914e-02
-8.49182457e-02
-8.55560228e-02
-8.61842632e-02
-8.68029222e-02
-8.74119475e-02
-8.80113021e-02
-8.86009410e-02
-8.91808271e-02
-8.97509381e-02
-9.03112441e-02
-9.08617303e-02
-9.14023742e-02
-9.19331759e-02
-9.24541205e-02
-9.29652005e-02
-9.34664160e-02
-9.39577818e-02
-9.44392979e-02
-9.49109867e-02
-9.53728631e-02
-9.58249345e-02
-9.62672308e-02
-9.66997817e-02
-9.71226096e-02
-9.75357592e-02
-9.79392529e-02
-9.83331352e-02
-9.87174511e-02
-9.90922377e-02
-9.94575322e-02
-9.98133942e-02
-1.00159869e-01
-1.00497015e-01
-1.00824885e-01
-1.01143532e-01
-1.01453021e-01
-1.01753414e-01
-1.02044761e-01
-1.02327116e-01
-1.02600552e-01
-1.02865137e-01
-1.03120945e-01
-1.03368044e-01
-1.03606492e-01
-1.03836380e-01
-1.04057781e-01
-1.04270771e-01
-1.04475424e-01
-1.04671814e-01
-1.04860023e-01
-1.05040140e-01
-1.05212234e-01
-1.05376385e-01
-1.05532669e-01
-1.05681174e-01
-1.05821982e-01
-1.05955161e-01
-1.06080785e-01
-1.06198922e-01
-1.06309675e-01
-1.06413171e-01
-1.06509633e-01
-1.06599472e-01
-1.06683359e-01
-1.06762223e-01
-1.06837094e-01
-1.06908858e-01
-1.06978007e-01
-1.07044615e-01
-1.07108474e-01
-1.07169278e-01
-1.07226759e-01
-1.07280657e-01
-1.07330717e-01
-1.07376620e-01
-1.07418031e-01
-1.07454598e-01
-1.07486017e-01
-1.07512027e-01
-1.07532419e-01
-1.07547000e-01
-1.07555568e-01
-1.07557938e-01
-1.07554115e-01
-1.07544474e-01
-1.07529677e-01
-1.07510537e-01
-1.07487783e-01
-1.07461959e-01
-1.07433446e-01
-1.07402533e-01
-1.07369453e-01
-1.07334331e-01
-1.07297137e-01
-1.07257716e-01
-1.07215859e-01
-1.07171416e-01
-1.07124351e-01
-1.07074693e-01
-1.07022390e-01
-1.06967270e-01
-1.06909052e-01
-1.06847458e-01
-1.06782332e-01
-1.06713682e-01
-1.06641673e-01
-1.06566563e-01
-1.06488705e-01
-1.06408484e-01
-1.06326282e-01
-1.06242441e-01
-1.06157251e-01
-1.06070958e-01
-1.05983801e-01
-1.05896063e-01
-1.05808020e-01
-1.05719902e-01
-1.05631851e-01
-1.05543934e-01
-1.05456218e-01
-1.05368786e-01
-1.05281711e-01
-1.05194934e-01
-1.05108224e-01
-1.05021171e-01
-1.04933292e-01
-1.04844064e-01
-1.04752980e-01
-1.04659557e-01
-1.04563430e-01
-1.04464427e-01
-1.04362629e-01
-1.04258262e-01
-1.04151614e-01
-1.04042977e-01
-1.03932634e-01
-1.03820935e-01
-1.03708372e-01
-1.03595622e-01
-1.03483483e-01
-1.03372805e-01
-1.03264339e-01
-1.03158630e-01
-1.03055984e-01
-1.02956563e-01
-1.02860495e-01
-1.02767937e-01
-1.02679059e-01
-1.02593951e-01
-1.02512524e-01
-1.02434523e-01
-1.02359585e-01
-1.02287345e-01
-1.02217540e-01
-1.02150023e-01
-1.02084704e-01
-1.02021404e-01
-1.01959690e-01
-1.01898819e-01
-1.01837806e-01
-1.01775609e-01
-1.01711392e-01
-1.01644687e-01
-1.01575330e-01
-1.01503335e-01
-1.01428710e-01
-1.01351365e-01
-1.01271130e-01
-1.01187892e-01
-1.01101659e-01
-1.01012632e-01
-1.00921132e-01
-1.00827552e-01
-1.00732334e-01
-1.00635968e-01
-1.00539006e-01
-1.00442089e-01
-1.00345843e-01
-1.00250706e-01
-1.00156754e-01
-1.00063592e-01
-9.99704003e-02
-9.98760983e-02
-9.97796059e-02
-9.96800065e-02
-9.95766148e-02
-9.94689539e-02
-9.93566960e-02
-9.92396027e-02
-9.91176069e-02
-9.89908203e-02
-9.88595709e-02
-9.87244025e-02
-9.85860154e-02
-9.84451324e-02
-9.83024165e-02
-9.81583968e-02
-9.80134085e-02
-9.78675485e-02
-9.77205858e-02
-9.75719541e-02
-9.74207893e-02
-9.72660556e-02
-9.71066877e-02
-9.69417319e-02
-9.67704579e-02
-9.65924785e-02
-9.64077786e-02
-9.62168053e-02
-9.60204303e-02
-9.58199427e-02
-9.56169069e-02
-9.54130515e-02
-9.52101052e-02
-9.50096771e-02
-9.48131159e-02
-9.46214274e-02
-9.44352224e-02
-9.42547545e-02
-9.40800309e-02
-9.39108655e-02
-9.37470049e-02
-9.35881585e-02
-9.34340730e-02
-9.32846516e-02
-9.31400135e-02
-9.30006132e-02
-9.28672254e-02
-9.27408785e-02
-9.26226899e-02
-9.25137177e-02
-9.24147889e-02
-9.23264101e-02
-9.22486857e-02
-9.21812430e-02
-9.21232104e-02
-9.20732617e-02
-9.20298472e-02
-9.19914171e-02
-9.19567123e-02
-9.19248983e-02
-9.18955058e-02
-9.18683112e-02
-9.18431133e-02
-9.18195695e-02
-9.17971358e-02
-9.17750448e-02
-9.17523950e-02
-9.17282328e-02
-9.17016715e-02
-9.16720033e-02
-9.16387439e-02
-9.16017145e-02
-9.15611014e-02
-9.15174633e-02
-9.14717093e-02
-9.14250240e-02
-9.13787559e-02
-9.13342983e-02
-9.12929922e-02
-9.12561193e-02
-9.12249088e-02
-9.12005380e-02
-9.11840424e-02
-9.11761969e-02
-9.11773816e-02
-9.11874399e-02
-9.12056193e-02
-9.12306011e-02
-9.12605897e-02
-9.12935063e-02
-9.13271680e-02
-9.13594663e-02
-9.13884640e-02
-9.14124697e-02
-9.14301127e-02
-9.14403796e-02
-9.14427415e-02
-9.14371908e-02
-9.14242789e-02
-9.14049894e-02
-9.13806558e-02
-9.13527980e-02
-9.13229808e-02
-9.12926719e-02
-9.12631080e-02
-9.12352055e-02
-9.12094638e-02
-9.11860317e-02
-9.11648124e-02
-9.11455825e-02
-9.11281481e-02
-9.11123827e-02
-9.10982043e-02
-9.10855606e-02
-9.10744369e-02
-9.10649076e-02
-9.10571590e-02
-9.10515189e-02
-9.10483524e-02
-9.10480022e-02
-9.10506919e-02
-9.10564736e-02
-9.10652727e-02
-9.10769030e-02
-9.10911039e-02
-9.11075994e-02
-9.11261216e-02
-9.11464617e-02
-9.11685377e-02
-9.11923796e-02
-9.12181437e-02
-9.12461057e-02
-9.12766308e-02
-9.13101733e-02
-9.13472176e-02
-9.13881958e-02
-9.14334506e-02
-9.14831981e-02
-9.15375501e-02
-9.15965140e-02
-9.16600600e-02
-9.17281061e-02
-9.18005258e-02
-9.18771327e-02
-9.19576809e-02
-9.20418575e-02
-9.21292678e-02
-9.22194421e-02
-9.23118219e-02
-9.24058110e-02
-9.25007984e-02
-9.25962850e-02
-9.26918536e-02
-9.27871689e-02
-9.28819776e-02
-9.29760635e-02
-9.30692703e-02
-9.31615680e-02
-9.32530463e-02
-9.33439136e-02
-9.34344605e-02
-9.35250670e-02
-9.36161727e-02
-9.37082618e-02
-9.38018337e-02
-9.38973278e-02
-9.39950496e-02
-9.40951332e-02
-9.41975042e-02
-9.43019167e-02
-9.44080204e-02
-9.45154279e-02
-9.46237892e-02
-9.47328433e-02
-9.48424265e-02
-9.49524790e-02
-9.50630084e-02
-9.51740295e-02
-9.52855349e-02
-9.53974649e-02
-9.55097079e-02
-9.56221074e-02
-9.57344398e-02
-9.58464220e-02
-9.59577337e-02
-9.60680023e-02
-9.61768553e-02
-9.62839201e-02
-9.63888466e-02
-9.64912847e-02
-9.65908915e-02
-9.66873169e-02
-9.67802629e-02
-9.68694910e-02
-9.69548598e-02
-9.70363393e-02
-9.71139967e-02
-9.71879810e-02
-9.72585082e-02
-9.73258168e-02
-9.73900780e-02
-9.74514112e-02
-9.75098610e-02
-9.75653976e-02
-9.76179838e-02
-9.76675525e-02
-9.77140665e-02
-9.77575034e-02
-9.77978706e-02
-9.78351757e-02
-9.78694409e-02
-9.79007110e-02
-9.79290232e-02
-9.79544148e-02
-9.79769528e-02
-9.79967341e-02
-9.80139151e-02
-9.80286896e-02
-9.80413035e-02
-9.80520323e-02
-9.80611518e-02
-9.80689153e-02
-9.80755538e-02
-9.80812311e-02
-9.80860516e-02
-9.80900750e-02
-9.80933234e-02
-9.80958566e-02
-9.80977640e-02
-9.80991870e-02
-9.81003642e-02
-9.81015936e-02
-9.81032476e-02
-9.81057510e-02
-9.81095731e-02
-9.81151909e-02
-9.81230363e-02
-9.81334746e-02
-9.81467515e-02
-9.81629863e-02
-9.81821641e-02
-9.82041731e-02
-9.82287899e-02
-9.82557312e-02
-9.82846692e-02
-9.83152986e-02
-9.83473510e-02
-9.83805880e-02
-9.84147862e-02
-9.84497368e-02
-9.84853059e-02
-9.85214263e-02
-9.85581204e-02
-9.85954776e-02
-9.86336470e-02
-9.86727998e-02
-9.87131447e-02
-9.87549052e-02
-9.87983793e-02
-9.88438800e-02
-9.88917500e-02
-9.89422798e-02
-9.89957303e-02
-9.90522876e-02
-9.91120934e-02
-9.91751701e-02
-9.92414057e-02
-9.93105397e-02
-9.93821695e-02
-9.94557440e-02
-9.95306000e-02
-9.96060073e-02
-9.96811911e-02
-9.97553542e-02
-9.98277068e-02
-9.98975039e-02
-9.99641120e-02
-1.00026980e-01
-1.00085676e-01
-1.00139886e-01
-1.00189433e-01
-1.00234240e-01
-1.00274377e-01
-1.00309998e-01
-1.00341342e-01
-1.00368693e-01
-1.00392357e-01
-1.00412630e-01
-1.00429811e-01
-1.00444183e-01
-1.00455999e-01
-1.00465491e-01
-1.00472867e-01
-1.00478344e-01
-1.00482151e-01
-1.00484550e-01
-1.00485831e-01
-1.00486286e-01
-1.00486226e-01
-1.00485981e-01
-1.00485876e-01
-1.00486264e-01
-1.00487523e-01
-1.00490034e-01
-1.00494184e-01
-1.00500360e-01
-1.00508906e-01
-1.00520104e-01
-1.00534208e-01
-1.00551404e-01
-1.00571834e-01
-1.00595579e-01
-1.00622691e-01
-1.00653172e-01
-1.00686982e-01
-1.00724056e-01
-1.00764267e-01
-1.00807443e-01
-1.00853384e-01
-1.00901872e-01
-1.00952655e-01
-1.01005472e-01
-1.01060085e-01
-1.01116285e-01
-1.01173863e-01
-1.01232633e-01
-1.01292364e-01
-1.01352811e-01
-1.01413697e-01
-1.01474747e-01
-1.01535670e-01
-1.01596214e-01
-1.01656146e-01
-1.01715297e-01
-1.01773560e-01
-1.01830892e-01
-1.01887323e-01
-1.01942919e-01
-1.01997785e-01
-1.02052048e-01
-1.02105848e-01
-1.02159329e-01
-1.02212608e-01
-1.02265783e-01
-1.02318905e-01
-1.02371991e-01
-1.02424972e-01
-1.02477737e-01
-1.02530144e-01
-1.02582037e-01
-1.02633253e-01
-1.02683641e-01
-1.02733068e-01
-1.02781415e-01
-1.02828600e-01
-1.02874547e-01
-1.02919228e-01
-1.02962665e-01
-1.03004910e-01
-1.03046067e-01
-1.03086278e-01
-1.03125714e-01
-1.03164569e-01
-1.03203051e-01
-1.03241332e-01
-1.03279561e-01
-1.03317849e-01
-1.03356279e-01
-1.03394896e-01
-1.03433713e-01
-1.03472717e-01
-1.03511862e-01
-1.03551067e-01
-1.03590235e-01
-1.03629231e-01
-1.03667915e-01
-1.03706144e-01
-1.03743806e-01
-1.03780806e-01
-1.03817090e-01
-1.03852637e-01
-1.03887454e-01
-1.03921540e-01
-1.03954874e-01
-1.03987448e-01
-1.04019225e-01
-1.04050145e-01
-1.04080155e-01
-1.04109176e-01
-1.04137130e-01
-1.04163937e-01
-1.04189515e-01
-1.04213782e-01
-1.04236647e-01
-1.04258031e-01
-1.04277834e-01
-1.04295947e-01
-1.04312204e-01
-1.04326442e-01
-1.04338460e-01
-1.04348041e-01
-1.04354970e-01
-1.04359038e-01
-1.04360029e-01
-1.04357719e-01
-1.04351930e-01
-1.04342498e-01
-1.04329295e-01
-1.04312263e-01
-1.04291372e-01
-1.04266673e-01
-1.04238257e-01
-1.04206271e-01
-1.04170889e-01
-1.04132295e-01
-1.04090668e-01
-1.04046166e-01
-1.03998922e-01
-1.03949055e-01
-1.03896655e-01
-1.03841789e-01
-1.03784502e-01
-1.03724808e-01
-1.03662737e-01
-1.03598304e-01
-1.03531510e-01
-1.03462376e-01
-1.03390887e-01
-1.03317052e-01
-1.03240855e-01
-1.03162289e-01
-1.03081331e-01
-1.02997996e-01
-1.02912299e-01
-1.02824271e-01
-1.02733962e-01
-1.02641456e-01
-1.02546826e-01
-1.02450192e-01
-1.02351688e-01
-1.02251485e-01
-1.02149792e-01
-1.02046847e-01
-1.01942889e-01
-1.01838164e-01
-1.01732917e-01
-1.01627372e-01
-1.01521753e-01
-1.01416253e-01
-1.01311035e-01
-1.01206250e-01
-1.01102024e-01
-1.00998454e-01
-1.00895613e-01
-1.00793555e-01
-1.00692302e-01
-1.00591838e-01
-1.00492127e-01
-1.00393094e-01
-1.00294687e-01
-1.00196831e-01
-1.00099489e-01
-1.00002646e-01
-9.99063179e-02
-9.98105481e-02
-9.97153819e-02
-9.96208787e-02
-9.95270908e-02
-9.94340926e-02
-9.93419439e-02
-9.92507115e-02
-9.91604477e-02
-9.90712345e-02
-9.89831164e-02
-9.88961384e-02
-9.88103524e-02
-9.87258181e-02
-9.86425728e-02
-9.85606685e-02
-9.84801576e-02
-9.84010920e-02
-9.83235613e-02
-9.82476696e-02
-9.81735587e-02
-9.81013849e-02
-9.80313197e-02
-9.79635790e-02
-9.78983641e-02
-9.78359058e-02
-9.77764353e-02
-9.77201536e-02
-9.76672620e-02
-9.76179093e-02
-9.75722075e-02
-9.75302309e-02
-9.74920020e-02
-9.74575132e-02
-9.74267274e-02
-9.73995626e-02
-9.73759219e-02
-9.73557159e-02
-9.73388329e-02
-9.73251536e-02
-9.73145738e-02
-9.73069891e-02
-9.73023176e-02
-9.73004922e-02
-9.73014757e-02
-9.73052084e-02
-9.73116383e-02
-9.73207206e-02
-9.73323882e-02
-9.73465741e-02
-9.73632187e-02
-9.73822400e-02
-9.74035636e-02
-9.74271074e-02
-9.74528119e-02
-9.74806100e-02
-9.75104719e-02
-9.75423679e-02
-9.75762755e-02
-9.76121873e-02
-9.76500884e-02
-9.76899788e-02
-9.77318585e-02
-9.77757126e-02
-9.78215262e-02
-9.78692919e-02
-9.79190022e-02
-9.79706421e-02
-9.80242044e-02
-9.80796739e-02
-9.81370434e-02
-9.81962904e-02
-9.82574075e-02
-9.83203724e-02
-9.83851552e-02
-9.84517485e-02
-9.85201150e-02
-9.85902324e-02
-9.86620709e-02
-9.87355858e-02
-9.88107324e-02
-9.88874584e-02
-9.89656821e-02
-9.90453139e-02
-9.91262645e-02
-9.92084295e-02
-9.92916971e-02
-9.93759707e-02
-9.94611308e-02
-9.95470434e-02
-9.96335894e-02
-9.97206047e-02
-9.98079479e-02
-9.98954400e-02
-9.99829248e-02
-1.00070238e-01
-1.00157239e-01
-1.00243784e-01
-1.00329764e-01
-1.00415081e-01
-1.00499645e-01
-1.00583412e-01
-1.00666344e-01
-1.00748420e-01
-1.00829631e-01
-1.00910008e-01
-1.00989580e-01
-1.01068385e-01
-1.01146474e-01
-1.01223923e-01
-1.01300806e-01
-1.01377212e-01
-1.01453245e-01
-1.01529002e-01
-1.01604603e-01
-1.01680152e-01
-1.01755768e-01
-1.01831570e-01
-1.01907656e-01
-1.01984106e-01
-1.02060981e-01
-1.02138311e-01
-1.02216095e-01
-1.02294333e-01
-1.02372989e-01
-1.02452040e-01
-1.02531426e-01
-1.02611080e-01
-1.02690905e-01
-1.02770783e-01
-1.02850586e-01
-1.02930181e-01
-1.03009410e-01
-1.03088111e-01
-1.03166096e-01
-1.03243180e-01
-1.03319161e-01
-1.03393823e-01
-1.03466928e-01
-1.03538252e-01
-1.03607528e-01
-1.03674509e-01
-1.03738949e-01
-1.03800617e-01
-1.03859276e-01
-1.03914693e-01
-1.03966653e-01
-1.04014941e-01
-1.04059346e-01
-1.04099661e-01
-1.04135647e-01
-1.04167104e-01
-1.04193814e-01
-1.04215555e-01
-1.04232095e-01
-1.04243226e-01
-1.04248710e-01
-1.04248337e-01
-1.04241885e-01
-1.04229145e-01
-1.04209922e-01
-1.04184017e-01
-1.04151212e-01
-1.04111321e-01
-1.04064144e-01
-1.04009472e-01
-1.03947103e-01
-1.03876807e-01
-1.03798367e-01
-1.03711545e-01
-1.03616081e-01
-1.03511713e-01
-1.03398159e-01
-1.03275120e-01
-1.03142284e-01
-1.02999337e-01
-1.02845959e-01
-1.02681838e-01
-1.02506652e-01
-1.02320090e-01
-1.02121845e-01
-1.01911619e-01
-1.01689115e-01
-1.01454049e-01
-1.01206124e-01
-1.00945055e-01
-1.00670554e-01
-1.00382328e-01
-1.00080088e-01
-9.97635573e-02
-9.94324610e-02
-9.90865380e-02
-9.87255424e-02
-9.83492434e-02
-9.79574397e-02
-9.75499600e-02
-9.71266553e-02
-9.66874063e-02
-9.62321311e-02
-9.57607776e-02
-9.52733234e-02
-9.47697759e-02
-9.42501798e-02
-9.37146246e-02
-9.31632146e-02
-9.25960764e-02
-9.20133591e-02
-9.14152041e-02
-9.08017755e-02
-9.01732370e-02
-8.95297602e-02
-8.88715237e-02
-8.81987065e-02
-8.75114873e-02
-8.68100449e-02
-8.60945657e-02
-8.53652433e-02
-8.46222416e-02
-8.38657320e-02
-8.30958933e-02
-8.23128819e-02
-8.15168396e-02
-8.07079151e-02
-7.98862502e-02
-7.90519938e-02
-7.82052875e-02
-7.73462951e-02
-7.64751658e-02
-7.55920634e-02
-7.46971518e-02
-7.37906024e-02
-7.28725791e-02
-7.19432384e-02
-7.10027516e-02
-7.00512826e-02
-6.90890029e-02
-6.81161135e-02
-6.71328306e-02
-6.61393926e-02
-6.51360676e-02
-6.41231537e-02
-6.31009638e-02
-6.20698184e-02
-6.10300452e-02
-5.99819869e-02
-5.89259788e-02
-5.78623638e-02
-5.67914955e-02
-5.57137281e-02
-5.46294227e-02
-5.35389557e-02
-5.24427071e-02
-5.13410755e-02
-5.02344780e-02
-4.91233431e-02
-4.80081104e-02
-4.68892269e-02
-4.57671396e-02
-4.46422994e-02
-4.35151644e-02
-4.23862003e-02
-4.12558839e-02
-4.01247106e-02
-3.89931798e-02
-3.78618166e-02
-3.67311649e-02
-3.56017761e-02
-3.44742201e-02
-3.33490744e-02
-3.22269350e-02
-3.11084129e-02
-2.99941394e-02
-2.88847685e-02
-2.77809817e-02
-2.66834926e-02
-2.55930442e-02
-2.45104078e-02
-2.34363880e-02
-2.23718211e-02
-2.13175789e-02
-2.02745721e-02
-1.92437414e-02
-1.82260610e-02
-1.72225386e-02
-1.62342042e-02
-1.52621204e-02
-1.43073779e-02
-1.33710951e-02
-1.24544268e-02
-1.15585616e-02
-1.06847230e-02
-9.83417407e-03
-9.00821481e-03
-8.20818730e-03
-7.43547129e-03
-6.69148657e-03
-5.97769348e-03
-5.29559329e-03
-4.64673201e-03
-4.03270219e-03
-3.45514272e-03
-2.91573722e-03
-2.41621095e-03
-1.95832620e-03
-1.54387590e-03
-1.17468031e-03
-8.52582452e-04
-5.79447602e-04
-3.57163372e-04
-1.87641344e-04
-7.28193700e-05
-1.46636703e-05
