5.36577194e-04
-1.59000454e-04
-8.55233462e-04
-1.55180297e-03
-2.24839570e-03
-2.94470461e-03
-3.64042842e-03
-4.33527119e-03
-5.02894260e-03
-5.72115742e-03
-6.41163578e-03
-7.10010296e-03
-7.78629025e-03
-8.46993364e-03
-9.15077422e-03
-9.82855819e-03
-1.05030378e-02
-1.11739729e-02
-1.18411258e-02
-1.25042628e-02
-1.31631577e-02
-1.38175879e-02
-1.44673362e-02
-1.51121896e-02
-1.57519393e-02
-1.63863841e-02
-1.70153268e-02
-1.76385734e-02
-1.82559378e-02
-1.88672394e-02
-1.94723010e-02
-2.00709477e-02
-2.06630137e-02
-2.12483350e-02
-2.18267553e-02
-2.23981198e-02
-2.29622778e-02
-2.35190839e-02
-2.40683984e-02
-2.46100854e-02
-2.51440126e-02
-2.56700534e-02
-2.61880830e-02
-2.66979840e-02
-2.71996409e-02
-2.76929475e-02
-2.81777978e-02
-2.86540929e-02
-2.91217361e-02
-2.95806359e-02
-3.00307069e-02
-3.04718688e-02
-3.09040435e-02
-3.13271582e-02
-3.17411460e-02
-3.21459435e-02
-3.25414911e-02
-3.29277292e-02
-3.33046094e-02
-3.36720832e-02
-3.40301096e-02
-3.43786553e-02
-3.47176827e-02
-3.50471586e-02
-3.53670605e-02
-3.56773660e-02
-3.59780565e-02
-3.62691246e-02
-3.65505554e-02
-3.68223451e-02
-3.70844901e-02
-3.73369902e-02
-3.75798568e-02
-3.78130972e-02
-3.80367190e-02
-3.82507406e-02
-3.84551808e-02
-3.86500619e-02
-3.88354100e-02
-3.90112586e-02
-3.91776338e-02
-3.93345729e-02
-3.94821167e-02
-3.96203026e-02
-3.97491753e-02
-3.98687869e-02
-3.99791859e-02
-4.00804244e-02
-4.01725583e-02
-4.02556397e-02
-4.03297395e-02
-4.03949134e-02
-4.04512361e-02
-4.04987708e-02
-4.05375920e-02
-4.05677669e-02
-4.05893773e-02
-4.06024940e-02
-4.06071953e-02
-4.06035669e-02
-4.05916832e-02
-4.05716263e-02
-4.05434854e-02
-4.05073464e-02
-4.04633097e-02
-4.04115170e-02
-4.03521620e-02
-4.02855277e-02
-4.02119868e-02
-4.01319303e-02
-4.00457047e-02
-3.99535373e-02
-3.98555249e-02
-3.97516750e-02
-3.96419689e-02
-3.95263918e-02
-3.94049399e-02
-3.92776020e-02
-3.91443558e-02
-3.90051603e-02
-3.88599858e-02
-3.87088060e-02
-3.85516211e-02
-3.83884460e-02
-3.82192917e-02
-3.80441695e-02
-3.78631018e-02
-3.76761779e-02
-3.74835916e-02
-3.72856371e-02
-3.70826535e-02
-3.68749499e-02
-3.66627872e-02
-3.64463702e-02
-3.62258703e-02
-3.60014476e-02
-3.57732140e-02
-3.55412439e-02
-3.53055745e-02
-3.50662246e-02
-3.48232202e-02
-3.45766358e-02
-3.43265571e-02
-3.40730511e-02
-3.38161364e-02
-3.35558094e-02
-3.32920551e-02
-3.30249071e-02
-3.27544436e-02
-3.24807987e-02
-3.22041363e-02
-3.19246389e-02
-3.16425078e-02
-3.13579440e-02
-3.10711283e-02
-3.07822302e-02
-3.04914042e-02
-3.01988013e-02
-2.99045816e-02
-2.96089053e-02
-2.93119159e-02
-2.90137287e-02
-2.87144389e-02
-2.84141283e-02
-2.81128921e-02
-2.78108213e-02
-2.75079627e-02
-2.72043068e-02
-2.68997867e-02
-2.65943073e-02
-2.62877680e-02
-2.59800684e-02
-2.56711170e-02
-2.53608543e-02
-2.50492878e-02
-2.47364976e-02
-2.44226158e-02
-2.41077896e-02
-2.37921644e-02
-2.34758854e-02
-2.31591202e-02
-2.28420775e-02
-2.25250199e-02
-2.22082548e-02
-2.18921043e-02
-2.15768572e-02
-2.12627314e-02
-2.09498722e-02
-2.06383746e-02
-2.03283206e-02
-2.00198051e-02
-1.97129194e-02
-1.94077250e-02
-1.91042349e-02
-1.88024025e-02
-1.85021441e-02
-1.82033759e-02
-1.79060474e-02
-1.76101439e-02
-1.73156653e-02
-1.70225780e-02
-1.67307686e-02
-1.64400265e-02
-1.61500610e-02
-1.58605650e-02
-1.55712971e-02
-1.52821271e-02
-1.49930241e-02
-1.47040142e-02
-1.44151198e-02
-1.41263315e-02
-1.38376197e-02
-1.35489646e-02
-1.32603934e-02
-1.29719842e-02
-1.26838619e-02
-1.23961736e-02
-1.21090775e-02
-1.18227480e-02
-1.15373814e-02
-1.12531949e-02
-1.09704062e-02
-1.06891748e-02
-1.04095442e-02
-1.01314047e-02
-9.85450950e-03
-9.57853440e-03
-9.30315070e-03
-9.02808458e-03
-8.75313673e-03
-8.47817212e-03
-8.20310321e-03
-7.92787690e-03
-7.65248435e-03
-7.37698097e-03
-7.10149202e-03
-6.82621077e-03
-6.55137515e-03
-6.27723383e-03
-6.00401871e-03
-5.73192071e-03
-5.46107115e-03
-5.19151893e-03
-4.92321281e-03
-4.65599354e-03
-4.38961107e-03
-4.12375806e-03
-3.85811902e-03
-3.59241525e-03
-3.32644442e-03
-3.06010665e-03
-2.79342709e-03
-2.52657058e-03
-2.25984468e-03
-1.99368340e-03
-1.72861433e-03
-1.46521465e-03
-1.20406342e-03
-9.45698703e-04
-6.90577785e-04
-4.39046271e-04
-1.91325089e-04
5.24786301e-05
2.92343117e-04
5.28300297e-04
7.60411029e-04
9.88745596e-04
1.21336197e-03
1.43427670e-03
1.65143225e-03
1.86467182e-03
2.07373546e-03
2.27828580e-03
2.47795624e-03
2.67240615e-03
2.86136637e-03
3.04467091e-03
3.22228414e-03
3.39432340e-03
3.56106833e-03
3.72294034e-03
3.88044212e-03
4.03407030e-03
4.18423302e-03
4.33120597e-03
4.47514420e-03
4.61613061e-03
4.75424062e-03
4.88959393e-03
5.02237864e-03
5.15285041e-03
5.28131006e-03
5.40807052e-03
5.53342421e-03
5.65761328e-03
5.78080257e-03
5.90305775e-03
6.02433039e-03
6.14445377e-03
6.26315083e-03
6.38005696e-03
6.49475539e-03
6.60681585e-03
6.71582064e-03
6.82137487e-03
6.92310091e-03
7.02064158e-03
7.11368257e-03
7.20199244e-03
7.28546828e-03
7.36417808e-03
7.43837934e-03
7.50851398e-03
7.57517247e-03
7.63903791e-03
7.70082464e-03
7.76122557e-03
7.82087818e-03
7.88033940e-03
7.94006791e-03
8.00040178e-03
8.06152914e-03
8.12346861e-03
8.18606839e-03
8.24902486e-03
8.31192825e-03
8.37430917e-03
8.43568612e-03
8.49560648e-03
8.55368748e-03
8.60965066e-03
8.66334420e-03
8.71473271e-03
8.76386277e-03
8.81081168e-03
8.85565300e-03
8.89843889e-03
8.93920660e-03
8.97798128e-03
9.01477877e-03
9.04958881e-03
9.08236206e-03
9.11301281e-03
9.14143398e-03
9.16753057e-03
9.19124763e-03
9.21258051e-03
9.23156831e-03
9.24828649e-03
9.26283095e-03
9.27530508e-03
9.28580854e-03
9.29442048e-03
9.30118654e-03
9.30611417e-03
9.30916797e-03
9.31028090e-03
9.30935331e-03
9.30626225e-03
9.30087361e-03
9.29306634e-03
9.28275101e-03
9.26987920e-03
9.25443973e-03
9.23644938e-03
9.21594352e-03
9.19297058e-03
9.16759390e-03
9.13989544e-03
9.10997950e-03
9.07797087e-03
9.04401857e-03
9.00830142e-03
8.97102244e-03
8.93240236e-03
8.89265630e-03
8.85197520e-03
8.81051738e-03
8.76841415e-03
8.72577820e-03
8.68270546e-03
8.63926765e-03
8.59550480e-03
8.55141412e-03
8.50695558e-03
8.46206024e-03
8.41663498e-03
8.37056525e-03
8.32372066e-03
8.27596895e-03
8.22719559e-03
8.17732513e-03
8.12634081e-03
8.07429012e-03
8.02127551e-03
7.96743482e-03
7.91291520e-03
7.85785262e-03
7.80235697e-03
7.74650229e-03
7.69033190e-03
7.63386954e-03
7.57713336e-03
7.52014946e-03
7.46295881e-03
7.40562100e-03
7.34821241e-03
7.29082618e-03
7.23357219e-03
7.17657572e-03
7.11997366e-03
7.06390478e-03
7.00850412e-03
6.95390254e-03
6.90022949e-03
6.84761396e-03
6.79617980e-03
6.74603740e-03
6.69727474e-03
6.64994866e-03
6.60408381e-03
6.55966997e-03
6.51666615e-03
6.47501322e-03
6.43464737e-03
6.39551505e-03
6.35758555e-03
6.32085046e-03
6.28531910e-03
6.25100918e-03
6.21793792e-03
6.18611882e-03
6.15555840e-03
6.12625480e-03
6.09820103e-03
6.07138453e-03
6.04578853e-03
6.02139486e-03
5.99818258e-03
5.97612374e-03
5.95517829e-03
5.93529083e-03
5.91638777e-03
5.89838158e-03
5.88117400e-03
5.86466352e-03
5.84875327e-03
5.83336037e-03
5.81841776e-03
5.80387888e-03
5.78971207e-03
5.77589264e-03
5.76239126e-03
5.74916461e-03
5.73614798e-03
5.72325243e-03
5.71036572e-03
5.69735467e-03
5.68406656e-03
5.67033747e-03
5.65600116e-03
5.64090256e-03
5.62491361e-03
5.60794072e-03
5.58993220e-03
5.57087548e-03
5.55079663e-03
5.52975480e-03
5.50783006e-03
5.48511045e-03
5.46168163e-03
5.43761952e-03
5.41299162e-03
5.38785942e-03
5.36227599e-03
5.33627858e-03
5.30987838e-03
5.28305955e-03
5.25578344e-03
5.22799650e-03
5.19963726e-03
5.17063495e-03
5.14090667e-03
5.11035416e-03
5.07887034e-03
5.04634529e-03
5.01267891e-03
4.97778691e-03
4.94160317e-03
4.90408577e-03
4.86522447e-03
4.82505141e-03
4.78364713e-03
4.74114344e-03
4.69771726e-03
4.65357956e-03
4.60896408e-03
4.56412090e-03
4.51930612e-03
4.47477121e-03
4.43075132e-03
4.38745553e-03
4.34505800e-03
4.30369610e-03
4.26346855e-03
4.22443589e-03
4.18661768e-03
4.14999574e-03
4.11451748e-03
4.08010511e-03
4.04666504e-03
4.01409669e-03
3.98229994e-03
3.95117700e-03
3.92063335e-03
3.89058352e-03
3.86094884e-03
3.83165572e-03
3.80262989e-03
3.77379195e-03
3.74505343e-03
3.71631817e-03
3.68748489e-03
3.65844928e-03
3.62910447e-03
3.59933893e-03
3.56903509e-03
3.53806978e-03
3.50631541e-03
3.47364601e-03
3.43994051e-03
3.40508833e-03
3.36899352e-03
3.33157764e-03
3.29278130e-03
3.25256307e-03
3.21089779e-03
3.16777430e-03
3.12319561e-03
3.07717803e-03
3.02975299e-03
2.98096682e-03
2.93087959e-03
2.87956418e-03
2.82710465e-03
2.77359225e-03
2.71912012e-03
2.66377768e-03
2.60764733e-03
2.55080685e-03
2.49333424e-03
2.43531447e-03
2.37684208e-03
2.31802114e-03
2.25895992e-03
2.19976529e-03
2.14053760e-03
2.08136486e-03
2.02231831e-03
1.96345034e-03
1.90479355e-03
1.84636097e-03
1.78814959e-03
1.73014379e-03
1.67232053e-03
1.61465479e-03
1.55712268e-03
1.49970525e-03
1.44239201e-03
1.38518587e-03
1.32810697e-03
1.27119408e-03
1.21450226e-03
1.15809706e-03
1.10204925e-03
1.04643044e-03
9.91309877e-04
9.36751836e-04
8.82813940e-04
8.29545490e-04
7.76986126e-04
7.25164136e-04
6.74095063e-04
6.23780827e-04
5.74209029e-04
5.25353942e-04
4.77179768e-04
4.29645472e-04
3.82710132e-04
3.36337689e-04
2.90500175e-04
2.45179865e-04
2.00370312e-04
1.56076625e-04
1.12314665e-04
6.91099121e-05
2.64965747e-05
-1.54824411e-05
-5.67753668e-05
-9.73225251e-05
-1.37059455e-04
-1.75922163e-04
-2.13852880e-04
-2.50804267e-04
-2.86740746e-04
-3.21636675e-04
-3.55472526e-04
-3.88230575e-04
-4.19891177e-04
-4.50430525e-04
-4.79819864e-04
-5.08026045e-04
-5.35012747e-04
-5.60741697e-04
-5.85173257e-04
-6.08266855e-04
-6.29981339e-04
-6.50275382e-04
-6.69108238e-04
-6.86438987e-04
-7.02223973e-04
-7.16413721e-04
-7.28950254e-04
-7.39767333e-04
-7.48792430e-04
-7.55949994e-04
-7.61163828e-04
-7.64358207e-04
-7.65458564e-04
-7.64393306e-04
-7.61097122e-04
-7.55515241e-04
-7.47607206e-04
-7.37349736e-04
-7.24738231e-04
-7.09786953e-04
-6.92528440e-04
-6.73010712e-04
-6.51292386e-04
-6.27436617e-04
-6.01505802e-04
-5.73558267e-04
-5.43646631e-04
-5.11816703e-04
-4.78107046e-04
-4.42549295e-04
-4.05169267e-04
-3.65988788e-04
-3.25027708e-04
-2.82305526e-04
-2.37841959e-04
-1.91656523e-04
-1.43767451e-04
-9.41911130e-05
-4.29426073e-05
9.96249946e-06
6.45057007e-05
1.20663637e-04
1.78407194e-04
2.37701475e-04
2.98505998e-04
3.60774400e-04
4.24453610e-04
4.89482016e-04
5.55787759e-04
6.23287866e-04
6.91888388e-04
7.61487288e-04
8.31977697e-04
9.03251639e-04
9.75202711e-04
1.04772765e-03
1.12072751e-03
1.19410863e-03
1.26778486e-03
1.34167785e-03
1.41571730e-03
1.48984068e-03
1.56399258e-03
1.63812551e-03
1.71220140e-03
1.78619183e-03
1.86007796e-03
1.93384744e-03
2.00749026e-03
2.08099466e-03
2.15434213e-03
2.22750613e-03
2.30045011e-03
2.37313053e-03
2.44549895e-03
2.51750462e-03
2.58909748e-03
2.66022747e-03
2.73084408e-03
2.80089607e-03
2.87033175e-03
2.93910014e-03
3.00715258e-03
3.07444273e-03
3.14092613e-03
3.20655853e-03
3.27129546e-03
3.33509245e-03
3.39790503e-03
3.45968595e-03
3.52038234e-03
3.57993296e-03
3.63826775e-03
3.69530939e-03
3.75097431e-03
3.80517426e-03
3.85781704e-03
3.90880741e-03
3.95805016e-03
4.00545448e-03
4.05093841e-03
4.09443351e-03
4.13588388e-03
4.17524902e-03
4.21250053e-03
4.24762256e-03
4.28061094e-03
4.31147264e-03
4.34022211e-03
4.36687889e-03
4.39146534e-03
4.41400521e-03
4.43452038e-03
4.45303088e-03
4.46955301e-03
4.48409794e-03
4.49667405e-03
4.50728880e-03
4.51595057e-03
4.52266959e-03
4.52745799e-03
4.53033159e-03
4.53130947e-03
4.53041354e-03
4.52766521e-03
4.52308543e-03
4.51669376e-03
4.50850558e-03
4.49853390e-03
4.48678806e-03
4.47327411e-03
4.45799669e-03
4.44096001e-03
4.42216778e-03
4.40162420e-03
4.37933579e-03
4.35530860e-03
4.32954915e-03
4.30206396e-03
4.27286047e-03
4.24194755e-03
4.20933450e-03
4.17503063e-03
4.13904712e-03
4.10139607e-03
4.06209100e-03
4.02114633e-03
3.97857791e-03
3.93440295e-03
3.88863892e-03
3.84130445e-03
3.79242050e-03
3.74201150e-03
3.69010633e-03
3.63673805e-03
3.58194369e-03
3.52576328e-03
3.46823991e-03
3.40941828e-03
3.34934494e-03
3.28806811e-03
3.22563830e-03
3.16210953e-03
3.09753953e-03
3.03198979e-03
2.96552409e-03
2.89820600e-03
2.83009699e-03
2.76125409e-03
2.69172993e-03
2.62157130e-03
2.55081872e-03
2.47950712e-03
2.40766443e-03
2.33531184e-03
2.26246426e-03
2.18913052e-03
2.11531343e-03
2.04101158e-03
1.96621916e-03
1.89092569e-03
1.81511638e-03
1.73877273e-03
1.66187307e-03
1.58439286e-03
1.50630483e-03
1.42757979e-03
1.34818663e-03
1.26809359e-03
1.18726993e-03
1.10568840e-03
1.02332758e-03
9.40174272e-04
8.56223865e-04
7.71478808e-04
6.85946958e-04
5.99640363e-04
5.12575032e-04
4.24772268e-04
3.36259924e-04
2.47072370e-04
1.57250091e-04
6.68383655e-05
-2.41135858e-05
-1.15553135e-04
-2.07424382e-04
-2.99668027e-04
-3.92220885e-04
-4.85015393e-04
-5.77979488e-04
-6.71037356e-04
-7.64110475e-04
-8.57119332e-04
-9.49984358e-04
-1.04262691e-03
-1.13496953e-03
-1.22693740e-03
-1.31845835e-03
-1.40946370e-03
-1.49988767e-03
-1.58966566e-03
-1.67873362e-03
-1.76702754e-03
-1.85448339e-03
-1.94103725e-03
-2.02662544e-03
-2.11118488e-03
-2.19465303e-03
-2.27696798e-03
-2.35806988e-03
-2.43790122e-03
-2.51640775e-03
-2.59353779e-03
-2.66924105e-03
-2.74346955e-03
-2.81617581e-03
-2.88731232e-03
-2.95683229e-03
-3.02468799e-03
-3.09083099e-03
-3.15521029e-03
-3.21777188e-03
-3.27845872e-03
-3.33720935e-03
-3.39395879e-03
-3.44863837e-03
-3.50117753e-03
-3.55150434e-03
-3.59954755e-03
-3.64523730e-03
-3.68850539e-03
-3.72928591e-03
-3.76751693e-03
-3.80313909e-03
-3.83609626e-03
-3.86633468e-03
-3.89380171e-03
-3.91844660e-03
-3.94021953e-03
-3.95907229e-03
-3.97495832e-03
-3.98783432e-03
-3.99765931e-03
-4.00439836e-03
-4.00802260e-03
-4.00851062e-03
-4.00584983e-03
-4.00003744e-03
-3.99107905e-03
-3.97899142e-03
-3.96380248e-03
-3.94555135e-03
-3.92428925e-03
-3.90007836e-03
-3.87299270e-03
-3.84311564e-03
-3.81053938e-03
-3.77536379e-03
-3.73769389e-03
-3.69763863e-03
-3.65530909e-03
-3.61081678e-03
-3.56427371e-03
-3.51579324e-03
-3.46548948e-03
-3.41347745e-03
-3.35987192e-03
-3.30478651e-03
-3.24833347e-03
-3.19062127e-03
-3.13175493e-03
-3.07183596e-03
-3.01096169e-03
-2.94922525e-03
-2.88671651e-03
-2.82352231e-03
-2.75972812e-03
-2.69541820e-03
-2.63067638e-03
-2.56558508e-03
-2.50022463e-03
-2.43467255e-03
-2.36900314e-03
-2.30328692e-03
-2.23759073e-03
-2.17197835e-03
-2.10651127e-03
-2.04125000e-03
-1.97625579e-03
-1.91159314e-03
-1.84733106e-03
-1.78354257e-03
-1.72030367e-03
-1.65769143e-03
-1.59578177e-03
-1.53464754e-03
-1.47435791e-03
-1.41497783e-03
-1.35656807e-03
-1.29918556e-03
-1.24288315e-03
-1.18771067e-03
-1.13371480e-03
-1.08094001e-03
-1.02942844e-03
-9.79220611e-04
-9.30354116e-04
-8.82863125e-04
-8.36776861e-04
-7.92118546e-04
-7.48905353e-04
-7.07148633e-04
-6.66854961e-04
-6.28026843e-04
-5.90662879e-04
-5.54758532e-04
-5.20306057e-04
-4.87294747e-04
-4.55710513e-04
-4.25535283e-04
-3.96746589e-04
-3.69317393e-04
-3.43216670e-04
-3.18410632e-04
-2.94863945e-04
-2.72540812e-04
-2.51405465e-04
-2.31422324e-04
-2.12556100e-04
-1.94771841e-04
-1.78035334e-04
-1.62313489e-04
-1.47574567e-04
-1.33787762e-04
-1.20922421e-04
-1.08946995e-04
-9.78283497e-05
-8.75316036e-05
-7.80203627e-05
-6.92572576e-05
-6.12045187e-05
-5.38245586e-05
-4.70803934e-05
-4.09359563e-05
-3.53563519e-05
-3.03079269e-05
-2.57581924e-05
-2.16757489e-05
-1.80304305e-05
-1.47937826e-05
-1.19397309e-05
-9.44512976e-06
-7.28984651e-06
-5.45620833e-06
-3.92782567e-06
-2.68797407e-06
-1.71784973e-06
-9.95036544e-07
-4.92449544e-07
-1.77868230e-07
-1.40380827e-08
4.08103951e-08
3.22582423e-08
9.02244324e-09
