-4.73751351e-02
-4.71560024e-02
-4.82169092e-02
-4.79978435e-02
-4.64987978e-02
-4.49998081e-02
-4.35008965e-02
-4.20020372e-02
-4.17832620e-02
-4.15645652e-02
-4.13459800e-02
-4.11274955e-02
-4.21891250e-02
-4.19708714e-02
-4.04727273e-02
-4.02547345e-02
-3.87568623e-02
-3.85391638e-02
-3.83216143e-02
-3.81042287e-02
-3.66070271e-02
-3.63899954e-02
-3.74531373e-02
-3.85164917e-02
-3.95800397e-02
-3.93637829e-02
-3.91477570e-02
-3.89319360e-02
-3.87163498e-02
-3.85010093e-02
-3.70059088e-02
-3.67910601e-02
-3.52964550e-02
-3.38021480e-02
-3.35880928e-02
-3.46542969e-02
-3.44407894e-02
-3.42275873e-02
-3.52946855e-02
-3.63620929e-02
-3.74297835e-02
-3.97778340e-02
-3.95661816e-02
-3.93548645e-02
-3.78638692e-02
-3.76532301e-02
-3.87229547e-02
-3.97929922e-02
-3.95834073e-02
-3.93741876e-02
-3.91653329e-02
-3.89568545e-02
-4.00287658e-02
-3.98210622e-02
-3.96137536e-02
-3.94068509e-02
-4.04803455e-02
-4.02742550e-02
-4.13485803e-02
-3.98633294e-02
-4.22185063e-02
-4.20141108e-02
-4.30901460e-02
-4.03266288e-02
-4.01235521e-02
-3.86409275e-02
-3.97187658e-02
-3.95170599e-02
-3.93158197e-02
-3.91150527e-02
-4.01947573e-02
-4.12749313e-02
-4.10755947e-02
-3.95967588e-02
-3.81183922e-02
-3.79205309e-02
-3.90031710e-02
-4.00862955e-02
-3.86099480e-02
-3.84141095e-02
-3.82187814e-02
-3.93039621e-02
-4.16696817e-02
-4.14759219e-02
-4.12826948e-02
-4.10900004e-02
-4.08978462e-02
-3.81462313e-02
-3.66751775e-02
-3.64846662e-02
-3.62947173e-02
-3.73853110e-02
-3.71964648e-02
-3.70081887e-02
-3.42604741e-02
-3.40733305e-02
-3.38867567e-02
-3.37007605e-02
-3.22353430e-02
-3.07705030e-02
-3.44262458e-02
-4.70425636e-02
-8.78194571e-02
-2.10517049e-01
-4.86815214e-01
-8.39913726e-01
-9.24213111e-01
-4.56832707e-01
4.20146942e-01
1.20240605e+00
1.33698428e+00
7.48361707e-01
1.01879239e-03
-2.97044992e-01
-1.27909333e-01
9.24257487e-02
1.16920248e-01
3.51741239e-02
-1.71326399e-02
-7.96799958e-02
-2.11347938e-01
-2.77736634e-01
-8.94057751e-02
1.93644345e-01
9.52538252e-02
-5.33057332e-01
-1.16136897e+00
-1.13304114e+00
-4.12233770e-01
3.85373056e-01
6.60739183e-01
4.08744693e-01
8.63494575e-02
4.29935455e-02
2.33876973e-01
4.19639707e-01
4.14681852e-01
1.46043271e-01
-2.56995976e-01
-4.80836093e-01
-2.92516530e-01
1.77402258e-01
5.03960371e-01
3.82517755e-01
-6.40453696e-02
-4.56849307e-01
-5.55254042e-01
-4.15579110e-01
-2.52864897e-01
-1.98951334e-01
-1.80878371e-01
-6.42460883e-02
1.17665574e-01
2.09976584e-01
1.29486933e-01
-6.62033260e-02
-1.95334271e-01
-1.14545792e-01
1.32642001e-01
3.20949137e-01
2.44295597e-01
-4.61185575e-02
-2.46933460e-01
-9.57487822e-02
3.22955132e-01
6.25178218e-01
5.19080877e-01
1.44182816e-01
-9.24759284e-02
-4.11353111e-02
1.66046321e-02
-2.23896027e-01
-6.33357346e-01
-7.98339248e-01
-5.28122127e-01
-6.97451830e-02
1.64630964e-01
4.06064391e-02
-2.25498736e-01
-4.18644577e-01
-5.06831050e-01
-4.79818225e-01
-2.33925670e-01
2.41086066e-01
6.85377002e-01
7.52067566e-01
4.00197327e-01
-4.76736128e-02
-2.48505205e-01
-1.19097412e-01
1.98469758e-01
4.89156246e-01
5.66082239e-01
3.44767451e-01
-6.59878850e-02
-4.01223898e-01
-4.63820666e-01
-2.28177726e-01
1.98184490e-01
6.80865884e-01
9.97146666e-01
8.48787129e-01
1.58986568e-01
-6.93374515e-01
-1.17069638e+00
-1.03873897e+00
-4.67742175e-01
1.50614172e-01
4.41289783e-01
2.78844774e-01
-1.40880883e-01
-4.82527256e-01
-5.56654215e-01
-3.96541446e-01
-1.60909399e-01
-2.25579366e-02
-7.23671019e-02
-2.34816879e-01
-3.23027194e-01
-1.43718183e-01
3.68390203e-01
1.02513790e+00
1.42972505e+00
1.29927158e+00
6.88817382e-01
-8.80373716e-02
-6.43452883e-01
-7.57268667e-01
-5.38284957e-01
-2.84741908e-01
-2.14239419e-01
-3.26777518e-01
-5.10996282e-01
-6.49135530e-01
-6.33675337e-01
-4.04455364e-01
-6.77161217e-02
1.87102556e-01
3.16480637e-01
4.42018032e-01
6.39234781e-01
8.42851222e-01
9.36387062e-01
8.27682436e-01
5.00097156e-01
4.96312380e-02
-3.59875321e-01
-6.33702397e-01
-8.25610161e-01
-1.00343812e+00
-1.15438676e+00
-1.20421588e+00
-1.08892560e+00
-7.89315581e-01
-3.86026025e-01
6.23285770e-04
3.25832009e-01
6.44639969e-01
9.50647712e-01
1.09921491e+00
9.75141525e-01
6.61627948e-01
3.59633654e-01
1.84358865e-01
8.07635933e-02
-6.63521886e-02
-3.10748458e-01
-6.19145274e-01
-8.90422344e-01
-9.68419909e-01
-7.43058085e-01
-2.64256418e-01
2.52944708e-01
6.21665180e-01
8.23985457e-01
9.91745353e-01
1.22478497e+00
1.40790391e+00
1.30686235e+00
7.77020335e-01
-7.92220831e-02
-9.04745102e-01
-1.30914807e+00
-1.15163183e+00
-6.10115886e-01
6.91992044e-03
4.63955104e-01
6.72669768e-01
6.20264113e-01
3.87378037e-01
9.30513740e-02
-1.74395740e-01
-4.04723227e-01
-6.18411183e-01
-8.05219769e-01
-9.33148503e-01
-9.81717706e-01
-9.30447340e-01
-7.51177549e-01
-4.31107908e-01
-5.08788228e-02
2.15429813e-01
2.38538042e-01
1.02925807e-01
5.05131781e-02
2.40020156e-01
6.22806787e-01
1.04911292e+00
1.40629864e+00
1.61628389e+00
1.58818841e+00
1.26953244e+00
7.39675820e-01
1.94458663e-01
-2.31719017e-01
-5.00456929e-01
-6.39915466e-01
-7.40974188e-01
-9.06033158e-01
-1.16709268e+00
-1.41535258e+00
-1.47289300e+00
-1.25395381e+00
-8.45575154e-01
-4.19276834e-01
-7.74585605e-02
2.23399162e-01
5.65216303e-01
9.17273164e-01
1.13364971e+00
1.06202555e+00
6.94720924e-01
2.07095861e-01
-1.55089617e-01
-2.52315402e-01
-1.40901521e-01
-3.88802588e-03
-1.53548717e-02
-1.89382076e-01
-3.77489626e-01
-4.06877518e-01
-2.05865681e-01
1.25705779e-01
3.99676949e-01
4.81647611e-01
3.93378079e-01
2.52628118e-01
1.55397788e-01
9.14471373e-02
-1.09038651e-02
-1.67015314e-01
-3.02646846e-01
-3.47398907e-01
-3.07671010e-01
-2.61543632e-01
-2.49976426e-01
-2.26889610e-01
-1.15483090e-01
9.19231176e-02
3.04449022e-01
4.01774585e-01
3.44219893e-01
2.04744890e-01
9.72695425e-02
7.68338889e-02
1.22957930e-01
1.71641678e-01
1.76805094e-01
1.55088261e-01
1.76891088e-01
2.46053681e-01
2.75535941e-01
1.74457893e-01
-3.67004275e-02
-2.42739066e-01
-3.15658033e-01
-2.36257255e-01
-1.05656587e-01
-6.08163476e-02
-1.51656389e-01
-2.89856732e-01
-3.57657313e-01
-3.12818229e-01
-2.18059376e-01
-1.61700845e-01
-1.56542629e-01
-1.47544622e-01
-6.17469102e-02
1.21330559e-01
3.51767719e-01
5.29724479e-01
5.73281109e-01
4.79877293e-01
3.00713152e-01
8.57087225e-02
-1.16495997e-01
-2.57261008e-01
-3.04586232e-01
-2.67431736e-01
-1.67557359e-01
-3.44033390e-02
9.23504084e-02
1.61503866e-01
1.62817046e-01
1.38529971e-01
1.32162616e-01
1.47554964e-01
1.50147051e-01
1.05378896e-01
2.34904438e-02
-4.17582616e-02
-4.55672182e-02
3.10353935e-03
3.64140421e-02
-3.23569775e-03
-9.40857232e-02
-1.83655977e-01
-2.33546495e-01
-2.61677235e-01
-2.77008235e-01
-2.57779419e-01
-1.69430882e-01
-2.09225714e-02
1.30145505e-01
2.22333312e-01
2.23640829e-01
1.59668058e-01
7.39350468e-02
-2.78215855e-04
-3.99317294e-02
-5.14254719e-02
-4.88394797e-02
-4.24137451e-02
-3.47082391e-02
-1.67629700e-02
5.02204522e-03
5.04681468e-03
-3.33286598e-02
-9.21843722e-02
-1.35680318e-01
-1.39496490e-01
-1.16432883e-01
-7.67295212e-02
-2.42263749e-02
4.23565209e-02
1.14059195e-01
1.69121638e-01
1.83223814e-01
1.46125764e-01
6.93474859e-02
-2.91909873e-02
-1.22609705e-01
-1.86588615e-01
-2.00647712e-01
-1.83987021e-01
-1.63486660e-01
-1.50666252e-01
-1.18646100e-01
-3.67061943e-02
9.51535106e-02
2.27013022e-01
3.10232282e-01
3.32011342e-01
3.25630158e-01
3.12848747e-01
2.79587179e-01
1.92565382e-01
5.81834465e-02
-6.46787286e-02
-1.09461099e-01
-6.97636604e-02
-1.72664225e-02
-3.00493687e-02
-1.24752492e-01
-2.30975837e-01
-2.62959361e-01
-1.97663069e-01
-9.39670056e-02
-3.12310942e-02
-4.65753824e-02
-1.10559851e-01
-1.50224537e-01
-1.11809373e-01
-1.19544268e-02
8.91803503e-02
1.39114916e-01
1.45529330e-01
1.60903543e-01
2.31317610e-01
3.38851392e-01
4.25905019e-01
4.33598459e-01
3.64491701e-01
2.60824680e-01
1.77637503e-01
1.21330135e-01
6.37425482e-02
-2.20052153e-02
-1.32073164e-01
-2.28061289e-01
-2.79249638e-01
-2.93318063e-01
-2.95866877e-01
-3.03535610e-01
-3.12484801e-01
-3.12474012e-01
-2.80463457e-01
-2.04932988e-01
-1.07642792e-01
-2.82727908e-02
1.14169866e-02
2.55066082e-02
4.47160229e-02
6.77652657e-02
7.67343044e-02
5.62631600e-02
3.79180908e-03
-5.50796799e-02
-8.45113695e-02
-7.29832128e-02
-3.58552411e-02
-7.68744946e-03
-1.15198381e-02
-3.71123776e-02
-5.88651001e-02
-5.88579774e-02
-3.70910130e-02
-1.24420971e-03
4.10024226e-02
8.06889087e-02
1.15255222e-01
1.40861362e-01
1.53667361e-01
1.45993203e-01
1.20398879e-01
9.73644108e-02
9.22497585e-02
1.05054945e-01
1.17859967e-01
1.15304813e-01
1.03789486e-01
9.61140022e-02
8.71583596e-02
6.41225576e-02
1.42066106e-02
-4.59495001e-02
-8.17857683e-02
-6.25821576e-02
-2.41872668e-03
6.41445592e-02
9.61476937e-02
8.20706487e-02
3.98334377e-02
-1.00839213e-02
-5.87214381e-02
-1.04799092e-01
-1.36796921e-01
-1.57274887e-01
-1.63672984e-01
-1.59831285e-01
-1.39349654e-01
-1.03508197e-01
-5.61468862e-02
-1.13457628e-02
1.68152303e-02
3.21760699e-02
5.77767640e-02
1.02577314e-01
1.52497709e-01
1.67857945e-01
1.37138009e-01
8.20979476e-02
3.34577039e-02
1.77305192e-04
-2.15832405e-02
-3.95039283e-02
-5.48647791e-02
-6.51057661e-02
-7.66269118e-02
-8.81482065e-02
-1.00949608e-01
-1.09911144e-01
-1.17592826e-01
-1.13754675e-01
-8.94366577e-02
-4.46387790e-02
6.55896217e-03
4.49565575e-02
6.92740381e-02
8.20713490e-02
9.23085287e-02
9.48655531e-02
8.71824548e-02
7.30992034e-02
6.28558174e-02
6.54122680e-02
7.43686110e-02
7.30848089e-02
4.87608574e-02
-1.16321445e-03
-5.62074259e-02
-9.58917886e-02
-1.07416272e-01
-8.56608823e-02
-4.98256162e-02
-8.87049735e-03
2.18444914e-02
4.10393439e-02
4.61540669e-02
3.84686366e-02
2.56630890e-02
1.41374078e-02
1.02915810e-02
1.02856280e-02
8.99953395e-03
2.59332452e-03
-6.37302920e-03
-5.09950519e-03
1.79338828e-02
5.37671372e-02
8.19202811e-02
8.19132775e-02
5.63061312e-02
2.30188407e-02
2.53144884e-03
-1.31609105e-03
1.23623386e-03
-9.01157409e-03
-3.84595171e-02
-7.94275701e-02
-1.13995761e-01
-1.34484068e-01
-1.42172515e-01
-1.47301078e-01
-1.46029770e-01
-1.26838565e-01
-8.20474848e-02
-2.44565047e-02
2.16143094e-02
4.59250212e-02
5.35955951e-02
5.99860698e-02
6.50964081e-02
6.50866181e-02
5.48367016e-02
3.81866395e-02
1.89764649e-02
3.60617973e-03
-1.52420159e-03
3.58524919e-03
1.76546294e-02
2.53238659e-02
2.27529705e-02
4.82198596e-03
-2.07891092e-02
-3.87203433e-02
-4.38516624e-02
-4.13031243e-02
-3.61946672e-02
-3.74863334e-02
-4.51781079e-02
-5.92699870e-02
-7.97619596e-02
-9.25740600e-02
-8.87462646e-02
-6.69985563e-02
-3.24509591e-02
-4.63455915e-04
2.12839358e-02
2.89512463e-02
3.40584181e-02
4.55655456e-02
5.96325547e-02
6.98594600e-02
6.98462799e-02
5.95930181e-02
5.31796440e-02
5.95661998e-02
7.49126598e-02
8.76990259e-02
8.38453099e-02
5.95115088e-02
2.23776028e-02
-1.73163489e-02
-5.31704128e-02
-7.75045455e-02
-8.13587531e-02
-6.60130605e-02
-3.65874320e-02
-7.16189574e-03
9.46356915e-03
8.16895254e-03
-3.36573273e-03
-1.23405056e-02
-7.23534822e-03
8.10971856e-03
2.47347243e-02
2.59996317e-02
1.31845027e-02
-2.19072122e-03
-4.76601766e-03
4.17860039e-03
5.44316508e-03
-1.24923512e-02
-4.70679253e-02
-7.52435699e-02
-8.16592723e-02
-6.37550652e-02
-4.20109183e-02
-3.17868218e-02
-3.56428027e-02
-3.56588438e-02
-1.39149465e-02
2.95888707e-02
7.94926584e-02
1.10196389e-01
1.16580054e-01
1.05043679e-01
9.60672274e-02
9.34907347e-02
9.34741721e-02
8.44975561e-02
6.27208799e-02
3.58241238e-02
1.53273446e-02
2.51048058e-03
-7.74639845e-03
-2.31233463e-02
-3.85003425e-02
-4.36373912e-02
-3.08544990e-02
-1.03916442e-02
6.23114035e-03
1.64539106e-02
2.15565935e-02
2.40992568e-02
2.40818523e-02
2.02243961e-02
7.40687922e-03
-6.69066608e-03
-2.20682751e-02
-3.10459454e-02
-3.10636535e-02
-2.59613916e-02
-2.08591931e-02
-1.83170270e-02
-1.06549179e-02
8.47145915e-04
1.10691469e-02
1.23311272e-02
4.63303924e-03
-4.34509572e-03
-3.08326818e-03
4.57850005e-03
1.22402273e-02
8.38190224e-03
1.96351577e-03
6.65123574e-04
7.04665110e-03
1.47081465e-02
1.59695968e-02
9.55097750e-03
1.85232656e-03
-7.26343133e-04
5.65489940e-03
1.84361227e-02
2.99372897e-02
3.63184065e-02
3.50194760e-02
3.11605316e-02
2.60215048e-02
2.08824296e-02
1.57433376e-02
9.32416134e-03
9.30495746e-03
1.69657059e-02
2.71864459e-02
3.74071002e-02
3.61076929e-02
2.20082477e-02
2.28766352e-04
-2.02707797e-02
-3.30903605e-02
-4.07900140e-02
-4.33696955e-02
-4.46694195e-02
-4.59691845e-02
-4.98290099e-02
-5.36888987e-02
-5.37088066e-02
-4.73287590e-02
-3.83887440e-02
-3.45688090e-02
-3.33088934e-02
-3.46090421e-02
-3.33492160e-02
-2.95294579e-02
-2.44297422e-02
-2.18900852e-02
-1.93504691e-02
-1.80909112e-02
-1.55513883e-02
-9.17191803e-03
2.32750550e-03
2.40668803e-02
4.96462435e-02
7.01055378e-02
7.26447850e-02
5.98239750e-02
3.67631167e-02
2.13821996e-02
2.39212438e-02
4.05402742e-02
5.33192493e-02
5.58581725e-02
4.55970392e-02
3.40558589e-02
2.63546705e-02
2.37733889e-02
2.24721078e-02
2.24507656e-02
2.75493674e-02
3.52079421e-02
3.77464667e-02
3.13249379e-02
1.97833683e-02
5.68176527e-03
-4.57987841e-03
-7.16158003e-03
-9.74333473e-03
-1.74451210e-02
-2.64269598e-02
-3.15688401e-02
-2.51907837e-02
-1.11327646e-02
3.65170650e-04
5.46309771e-03
1.60096516e-03
-2.26121000e-03
-3.56344506e-03
-1.02573307e-03
2.31905840e-04
-4.91045788e-03
-1.26129016e-02
-2.03153882e-02
-2.41779312e-02
-2.03605313e-02
-1.39831835e-02
-7.60588143e-03
-3.78863816e-03
-1.25144841e-03
5.66523522e-06
5.10275923e-03
1.40397958e-02
2.16967613e-02
2.55136862e-02
3.06105167e-02
3.44273187e-02
3.82440686e-02
3.43807414e-02
2.28373576e-02
1.00139454e-02
-1.52954739e-03
-6.67310413e-03
-9.25670750e-03
-1.44003835e-02
-2.21041180e-02
-2.34079063e-02
-1.95917599e-02
-1.06556714e-02
-4.27964237e-03
-1.74368266e-03
-3.04778432e-03
-4.35195025e-03
-6.93618692e-03
-9.52047482e-03
-1.85048394e-02
-3.26092653e-02
-4.54337597e-02
-5.69783151e-02
-6.08429164e-02
-6.34276122e-02
-6.60123378e-02
-7.24371448e-02
-8.14220160e-02
-8.78469497e-02
-8.78719464e-02
-8.40570033e-02
-7.89621174e-02
-7.25872815e-02
-6.49325103e-02
-5.47177866e-02
-3.93831432e-02
-2.14885473e-02
-7.43402774e-03
1.50044402e-03
1.47485838e-03
-3.67077813e-03
-8.81646760e-03
-7.56222010e-03
1.37198716e-03
1.28661413e-02
2.05202401e-02
2.56142858e-02
2.55882926e-02
2.81222761e-02
3.32161710e-02
3.57500538e-02
3.06039006e-02
1.90576762e-02
8.79144296e-03
2.36513861e-03
1.05883181e-03
4.87247109e-03
1.25260800e-02
2.01796461e-02
2.52731740e-02
2.65266821e-02
2.52201427e-02
2.13535745e-02
1.74869802e-02
5.94034977e-03
-1.20062903e-02
-3.25129777e-02
-4.66196835e-02
-4.53664027e-02
-3.25931609e-02
-1.21399332e-02
5.75326197e-03
1.85264610e-02
2.61796340e-02
2.74327938e-02
2.61259079e-02
2.35390346e-02
2.22321153e-02
1.96451936e-02
1.70582384e-02
1.06312949e-02
5.48431184e-03
4.17734124e-03
9.27032530e-03
1.94833279e-02
3.22562940e-02
4.24692556e-02
4.24421951e-02
3.72951254e-02
2.95880474e-02
2.31609568e-02
1.92938372e-02
1.79867111e-02
1.53995920e-02
1.40924472e-02
1.66252926e-02
2.29981653e-02
2.93710008e-02
3.19038220e-02
2.54766531e-02
1.52094793e-02
3.66229005e-03
-5.32490015e-03
-9.19210818e-03
-9.21931677e-03
-7.96652492e-03
-7.99374748e-03
-1.05809756e-02
-1.57282148e-02
-1.95954498e-02
-1.57826990e-02
-6.84994785e-03
3.36278789e-03
9.73551814e-03
1.09882522e-02
8.40095431e-03
3.25368927e-03
-1.89360417e-03
-5.76088950e-03
-9.62819532e-03
-1.09354937e-02
-1.35228103e-02
-1.48301162e-02
-1.22974375e-02
-1.10447612e-02
-1.10720880e-02
-1.49394181e-02
-2.26467662e-02
-2.77940966e-02
-2.91014463e-02
-2.52887923e-02
-1.37961358e-02
-1.02348253e-03
1.55891515e-02
2.83618234e-02
3.72944586e-02
4.11071032e-02
3.97997536e-02
3.46523896e-02
2.82250345e-02
2.30776537e-02
1.79302972e-02
1.79029312e-02
