-5.000000	0.000004
-4.975000	0.002221
-4.950000	0.004442
-4.925000	0.006663
-4.900000	0.008886
-4.875000	0.011111
-4.850000	0.013337
-4.825000	0.015567
-4.800000	0.017799
-4.775000	0.020034
-4.750000	0.022274
-4.725000	0.024518
-4.700000	0.026766
-4.675000	0.029020
-4.650000	0.031280
-4.625000	0.033546
-4.600000	0.035819
-4.575000	0.038098
-4.550000	0.040386
-4.525000	0.042681
-4.500000	0.044986
-4.475000	0.047299
-4.450000	0.049622
-4.425000	0.051956
-4.400000	0.054300
-4.375000	0.056656
-4.350000	0.059023
-4.325000	0.061404
-4.300000	0.063797
-4.275000	0.066204
-4.250000	0.068625
-4.225000	0.071062
-4.200000	0.073514
-4.175000	0.075982
-4.150000	0.078468
-4.125000	0.080971
-4.100000	0.083493
-4.075000	0.086034
-4.050000	0.088595
-4.025000	0.091177
-4.000000	0.093781
-3.975000	0.096407
-3.950000	0.099056
-3.925000	0.101729
-3.900000	0.104428
-3.875000	0.107153
-3.850000	0.109904
-3.825000	0.112684
-3.800000	0.115492
-3.775000	0.118330
-3.750000	0.121200
-3.725000	0.124101
-3.700000	0.127036
-3.675000	0.130004
-3.650000	0.133009
-3.625000	0.136050
-3.600000	0.139129
-3.575000	0.142246
-3.550000	0.145404
-3.525000	0.148604
-3.500000	0.151847
-3.475000	0.155134
-3.450000	0.158466
-3.425000	0.161845
-3.400000	0.165273
-3.375000	0.168750
-3.350000	0.172279
-3.325000	0.175860
-3.300000	0.179495
-3.275000	0.183186
-3.250000	0.186934
-3.225000	0.190740
-3.200000	0.194607
-3.175000	0.198535
-3.150000	0.202526
-3.125000	0.206582
-3.100000	0.210704
-3.075000	0.214894
-3.050000	0.219153
-3.025000	0.223483
-3.000000	0.227885
-2.975000	0.232361
-2.950000	0.236912
-2.925000	0.241540
-2.900000	0.246246
-2.875000	0.251031
-2.850000	0.255897
-2.825000	0.260846
-2.800000	0.265878
-2.775000	0.270994
-2.750000	0.276197
-2.725000	0.281486
-2.700000	0.286864
-2.675000	0.292331
-2.650000	0.297888
-2.625000	0.303536
-2.600000	0.309276
-2.575000	0.315109
-2.550000	0.321035
-2.525000	0.327055
-2.500000	0.333170
-2.475000	0.339379
-2.450000	0.345684
-2.425000	0.352084
-2.400000	0.358579
-2.375000	0.365170
-2.350000	0.371856
-2.325000	0.378638
-2.300000	0.385514
-2.275000	0.392485
-2.250000	0.399549
-2.225000	0.406707
-2.200000	0.413957
-2.175000	0.421298
-2.150000	0.428730
-2.125000	0.436251
-2.100000	0.443859
-2.075000	0.451553
-2.050000	0.459332
-2.025000	0.467194
-2.000000	0.475136
-1.975000	0.483157
-1.950000	0.491254
-1.925000	0.499426
-1.900000	0.507668
-1.875000	0.515980
-1.850000	0.524358
-1.825000	0.532799
-1.800000	0.541300
-1.775000	0.549858
-1.750000	0.558469
-1.725000	0.567130
-1.700000	0.575837
-1.675000	0.584586
-1.650000	0.593374
-1.625000	0.602196
-1.600000	0.611048
-1.575000	0.619925
-1.550000	0.628824
-1.525000	0.637740
-1.500000	0.646668
-1.475000	0.655603
-1.450000	0.664540
-1.425000	0.673474
-1.400000	0.682400
-1.375000	0.691313
-1.350000	0.700208
-1.325000	0.709078
-1.300000	0.717920
-1.275000	0.726726
-1.250000	0.735492
-1.225000	0.744211
-1.200000	0.752878
-1.175000	0.761488
-1.150000	0.770034
-1.125000	0.778510
-1.100000	0.786911
-1.075000	0.795231
-1.050000	0.803464
-1.025000	0.811603
-1.000000	0.819643
-0.975000	0.827578
-0.950000	0.835402
-0.925000	0.843109
-0.900000	0.850693
-0.875000	0.858149
-0.850000	0.865470
-0.825000	0.872652
-0.800000	0.879687
-0.775000	0.886572
-0.750000	0.893299
-0.725000	0.899864
-0.700000	0.906262
-0.675000	0.912487
-0.650000	0.918534
-0.625000	0.924398
-0.600000	0.930074
-0.575000	0.935557
-0.550000	0.940843
-0.525000	0.945928
-0.500000	0.950806
-0.475000	0.955474
-0.450000	0.959928
-0.425000	0.964164
-0.400000	0.968179
-0.375000	0.971968
-0.350000	0.975528
-0.325000	0.978857
-0.300000	0.981951
-0.275000	0.984808
-0.250000	0.987425
-0.225000	0.989800
-0.200000	0.991930
-0.175000	0.993815
-0.150000	0.995451
-0.125000	0.996839
-0.100000	0.997975
-0.075000	0.998861
-0.050000	0.999493
-0.025000	0.999873
0.000000	1.000000
0.025000	0.999873
0.050000	0.999493
0.075000	0.998861
0.100000	0.997975
0.125000	0.996839
0.150000	0.995451
0.175000	0.993815
0.200000	0.991930
0.225000	0.989800
0.250000	0.987425
0.275000	0.984808
0.300000	0.981951
0.325000	0.978857
0.350000	0.975528
0.375000	0.971968
0.400000	0.968179
0.425000	0.964164
0.450000	0.959928
0.475000	0.955474
0.500000	0.950806
0.525000	0.945928
0.550000	0.940843
0.575000	0.935557
0.600000	0.930074
0.625000	0.924398
0.650000	0.918534
0.675000	0.912487
0.700000	0.906262
0.725000	0.899864
0.750000	0.893299
0.775000	0.886572
0.800000	0.879687
0.825000	0.872652
0.850000	0.865470
0.875000	0.858149
0.900000	0.850693
0.925000	0.843109
0.950000	0.835402
0.975000	0.827578
1.000000	0.819643
1.025000	0.811603
1.050000	0.803464
1.075000	0.795231
1.100000	0.786911
1.125000	0.778510
1.150000	0.770034
1.175000	0.761488
1.200000	0.752878
1.225000	0.744211
1.250000	0.735492
1.275000	0.726726
1.300000	0.717920
1.325000	0.709078
1.350000	0.700208
1.375000	0.691313
1.400000	0.682400
1.425000	0.673474
1.450000	0.664540
1.475000	0.655603
1.500000	0.646668
1.525000	0.637740
1.550000	0.628824
1.575000	0.619925
1.600000	0.611048
1.625000	0.602196
1.650000	0.593374
1.675000	0.584586
1.700000	0.575837
1.725000	0.567130
1.750000	0.558469
1.775000	0.549858
1.800000	0.541300
1.825000	0.532799
1.850000	0.524358
1.875000	0.515980
1.900000	0.507668
1.925000	0.499426
1.950000	0.491254
1.975000	0.483157
2.000000	0.475136
2.025000	0.467194
2.050000	0.459332
2.075000	0.451553
2.100000	0.443859
2.125000	0.436251
2.150000	0.428730
2.175000	0.421298
2.200000	0.413957
2.225000	0.406707
2.250000	0.399549
2.275000	0.392485
2.300000	0.385514
2.325000	0.378638
2.350000	0.371856
2.375000	0.365170
2.400000	0.358579
2.425000	0.352084
2.450000	0.345684
2.475000	0.339379
2.500000	0.333170
2.525000	0.327055
2.550000	0.321035
2.575000	0.315109
2.600000	0.309276
2.625000	0.303536
2.650000	0.297888
2.675000	0.292331
2.700000	0.286864
2.725000	0.281486
2.750000	0.276197
2.775000	0.270994
2.800000	0.265878
2.825000	0.260846
2.850000	0.255897
2.875000	0.251031
2.900000	0.246246
2.925000	0.241540
2.950000	0.236912
2.975000	0.232361
3.000000	0.227885
3.025000	0.223483
3.050000	0.219153
3.075000	0.214894
3.100000	0.210704
3.125000	0.206582
3.150000	0.202526
3.175000	0.198535
3.200000	0.194607
3.225000	0.190740
3.250000	0.186934
3.275000	0.183186
3.300000	0.179495
3.325000	0.175860
3.350000	0.172279
3.375000	0.168750
3.400000	0.165273
3.425000	0.161845
3.450000	0.158466
3.475000	0.155134
3.500000	0.151847
3.525000	0.148604
3.550000	0.145404
3.575000	0.142246
3.600000	0.139129
3.625000	0.136050
3.650000	0.133009
3.675000	0.130004
3.700000	0.127036
3.725000	0.124101
3.750000	0.121200
3.775000	0.118330
3.800000	0.115492
3.825000	0.112684
3.850000	0.109904
3.875000	0.107153
3.900000	0.104428
3.925000	0.101729
3.950000	0.099056
3.975000	0.096407
4.000000	0.093781
4.025000	0.091177
4.050000	0.088595
4.075000	0.086034
4.100000	0.083493
4.125000	0.080971
4.150000	0.078468
4.175000	0.075982
4.200000	0.073514
4.225000	0.071062
4.250000	0.068625
4.275000	0.066204
4.300000	0.063797
4.325000	0.061404
4.350000	0.059023
4.375000	0.056656
4.400000	0.054300
4.425000	0.051956
4.450000	0.049622
4.475000	0.047299
4.500000	0.044986
4.525000	0.042681
4.550000	0.040386
4.575000	0.038098
4.600000	0.035819
4.625000	0.033546
4.650000	0.031280
4.675000	0.029020
4.700000	0.026766
4.725000	0.024518
4.750000	0.022274
4.775000	0.020034
4.800000	0.017799
4.825000	0.015567
4.850000	0.013337
4.875000	0.011111
4.900000	0.008886
4.925000	0.006663
4.950000	0.004442
4.975000	0.002221
