-5.000000	0.000394
-4.975000	0.000425
-4.950000	0.000459
-4.925000	0.000496
-4.900000	0.000536
-4.875000	0.000579
-4.850000	0.000625
-4.825000	0.000674
-4.800000	0.000727
-4.775000	0.000784
-4.750000	0.000845
-4.725000	0.000910
-4.700000	0.000981
-4.675000	0.001055
-4.650000	0.001135
-4.625000	0.001221
-4.600000	0.001312
-4.575000	0.001410
-4.550000	0.001514
-4.525000	0.001625
-4.500000	0.001744
-4.475000	0.001871
-4.450000	0.002006
-4.425000	0.002149
-4.400000	0.002302
-4.375000	0.002465
-4.350000	0.002638
-4.325000	0.002823
-4.300000	0.003019
-4.275000	0.003227
-4.250000	0.003448
-4.225000	0.003683
-4.200000	0.003932
-4.175000	0.004196
-4.150000	0.004477
-4.125000	0.004774
-4.100000	0.005089
-4.075000	0.005422
-4.050000	0.005775
-4.025000	0.006148
-4.000000	0.006543
-3.975000	0.006960
-3.950000	0.007401
-3.925000	0.007867
-3.900000	0.008359
-3.875000	0.008879
-3.850000	0.009427
-3.825000	0.010004
-3.800000	0.010613
-3.775000	0.011255
-3.750000	0.011931
-3.725000	0.012643
-3.700000	0.013392
-3.675000	0.014181
-3.650000	0.015009
-3.625000	0.015880
-3.600000	0.016796
-3.575000	0.017757
-3.550000	0.018766
-3.525000	0.019825
-3.500000	0.020937
-3.475000	0.022101
-3.450000	0.023323
-3.425000	0.024601
-3.400000	0.025941
-3.375000	0.027344
-3.350000	0.028811
-3.325000	0.030346
-3.300000	0.031951
-3.275000	0.033628
-3.250000	0.035379
-3.225000	0.037208
-3.200000	0.039118
-3.175000	0.041109
-3.150000	0.043187
-3.125000	0.045352
-3.100000	0.047608
-3.075000	0.049958
-3.050000	0.052404
-3.025000	0.054950
-3.000000	0.057598
-2.975000	0.060351
-2.950000	0.063213
-2.925000	0.066185
-2.900000	0.069271
-2.875000	0.072475
-2.850000	0.075798
-2.825000	0.079244
-2.800000	0.082816
-2.775000	0.086516
-2.750000	0.090349
-2.725000	0.094315
-2.700000	0.098420
-2.675000	0.102664
-2.650000	0.107052
-2.625000	0.111584
-2.600000	0.116265
-2.575000	0.121098
-2.550000	0.126084
-2.525000	0.131225
-2.500000	0.136525
-2.475000	0.141986
-2.450000	0.147609
-2.425000	0.153396
-2.400000	0.159351
-2.375000	0.165474
-2.350000	0.171767
-2.325000	0.178231
-2.300000	0.184869
-2.275000	0.191681
-2.250000	0.198668
-2.225000	0.205831
-2.200000	0.213171
-2.175000	0.220689
-2.150000	0.228384
-2.125000	0.236257
-2.100000	0.244308
-2.075000	0.252536
-2.050000	0.260940
-2.025000	0.269520
-2.000000	0.278275
-1.975000	0.287204
-1.950000	0.296305
-1.925000	0.305575
-1.900000	0.315014
-1.875000	0.324619
-1.850000	0.334386
-1.825000	0.344313
-1.800000	0.354397
-1.775000	0.364635
-1.750000	0.375022
-1.725000	0.385554
-1.700000	0.396227
-1.675000	0.407037
-1.650000	0.417977
-1.625000	0.429044
-1.600000	0.440231
-1.575000	0.451532
-1.550000	0.462942
-1.525000	0.474453
-1.500000	0.486059
-1.475000	0.497753
-1.450000	0.509527
-1.425000	0.521374
-1.400000	0.533286
-1.375000	0.545255
-1.350000	0.557272
-1.325000	0.569328
-1.300000	0.581415
-1.275000	0.593524
-1.250000	0.605644
-1.225000	0.617767
-1.200000	0.629882
-1.175000	0.641980
-1.150000	0.654050
-1.125000	0.666082
-1.100000	0.678066
-1.075000	0.689991
-1.050000	0.701845
-1.025000	0.713619
-1.000000	0.725301
-0.975000	0.736881
-0.950000	0.748347
-0.925000	0.759688
-0.900000	0.770892
-0.875000	0.781950
-0.850000	0.792849
-0.825000	0.803579
-0.800000	0.814128
-0.775000	0.824487
-0.750000	0.834642
-0.725000	0.844585
-0.700000	0.854304
-0.675000	0.863788
-0.650000	0.873029
-0.625000	0.882014
-0.600000	0.890735
-0.575000	0.899181
-0.550000	0.907344
-0.525000	0.915214
-0.500000	0.922781
-0.475000	0.930038
-0.450000	0.936976
-0.425000	0.943587
-0.400000	0.949863
-0.375000	0.955797
-0.350000	0.961382
-0.325000	0.966611
-0.300000	0.971479
-0.275000	0.975979
-0.250000	0.980106
-0.225000	0.983855
-0.200000	0.987221
-0.175000	0.990201
-0.150000	0.992792
-0.125000	0.994989
-0.100000	0.996790
-0.075000	0.998193
-0.050000	0.999196
-0.025000	0.999799
0.000000	1.000000
0.025000	0.999799
0.050000	0.999197
0.075000	0.998193
0.100000	0.996790
0.125000	0.994989
0.150000	0.992792
0.175000	0.990202
0.200000	0.987221
0.225000	0.983855
0.250000	0.980106
0.275000	0.975979
0.300000	0.971479
0.325000	0.966612
0.350000	0.961382
0.375000	0.955797
0.400000	0.949863
0.425000	0.943587
0.450000	0.936976
0.475000	0.930038
0.500000	0.922782
0.525000	0.915214
0.550000	0.907345
0.575000	0.899181
0.600000	0.890735
0.625000	0.882014
0.650000	0.873029
0.675000	0.863789
0.700000	0.854304
0.725000	0.844585
0.750000	0.834643
0.775000	0.824487
0.800000	0.814129
0.825000	0.803579
0.850000	0.792850
0.875000	0.781950
0.900000	0.770893
0.925000	0.759688
0.950000	0.748347
0.975000	0.736881
1.000000	0.725302
1.025000	0.713619
1.050000	0.701846
1.075000	0.689991
1.100000	0.678066
1.125000	0.666083
1.150000	0.654050
1.175000	0.641980
1.200000	0.629882
1.225000	0.617767
1.250000	0.605644
1.275000	0.593523
1.300000	0.581415
1.325000	0.569328
1.350000	0.557272
1.375000	0.545254
1.400000	0.533285
1.425000	0.521374
1.450000	0.509527
1.475000	0.497753
1.500000	0.486059
1.525000	0.474453
1.550000	0.462942
1.575000	0.451532
1.600000	0.440231
1.625000	0.429044
1.650000	0.417977
1.675000	0.407036
1.700000	0.396227
1.725000	0.385554
1.750000	0.375022
1.775000	0.364634
1.800000	0.354397
1.825000	0.344313
1.850000	0.334386
1.875000	0.324619
1.900000	0.315014
1.925000	0.305576
1.950000	0.296305
1.975000	0.287204
2.000000	0.278275
2.025000	0.269520
2.050000	0.260940
2.075000	0.252535
2.100000	0.244308
2.125000	0.236257
2.150000	0.228384
2.175000	0.220689
2.200000	0.213171
2.225000	0.205831
2.250000	0.198668
2.275000	0.191681
2.300000	0.184869
2.325000	0.178231
2.350000	0.171767
2.375000	0.165474
2.400000	0.159351
2.425000	0.153396
2.450000	0.147609
2.475000	0.141986
2.500000	0.043937
2.525000	0.041262
2.550000	0.038726
2.575000	0.036323
2.600000	0.034047
2.625000	0.031895
2.650000	0.029860
2.675000	0.027937
2.700000	0.026121
2.725000	0.024409
2.750000	0.022794
2.775000	0.021273
2.800000	0.019841
2.825000	0.018494
2.850000	0.017227
2.875000	0.016038
2.900000	0.014921
2.925000	0.013873
2.950000	0.012891
2.975000	0.011970
3.000000	0.011109
3.025000	0.010303
3.050000	0.009550
3.075000	0.008846
3.100000	0.008189
3.125000	0.007576
3.150000	0.007004
3.175000	0.006472
3.200000	0.005976
3.225000	0.005515
3.250000	0.005086
3.275000	0.004688
3.300000	0.004318
3.325000	0.003975
3.350000	0.003656
3.375000	0.003362
3.400000	0.003089
3.425000	0.002836
3.450000	0.002603
3.475000	0.002387
3.500000	0.002187
3.525000	0.002004
3.550000	0.001834
3.575000	0.001678
3.600000	0.001534
3.625000	0.001401
3.650000	0.001280
3.675000	0.001168
3.700000	0.001065
3.725000	0.000970
3.750000	0.000884
3.775000	0.000804
3.800000	0.000732
3.825000	0.000665
3.850000	0.000604
3.875000	0.000549
3.900000	0.000498
3.925000	0.000452
3.950000	0.000409
3.975000	0.000371
4.000000	0.000335
4.025000	0.000303
4.050000	0.000274
4.075000	0.000248
4.100000	0.000224
4.125000	0.000202
4.150000	0.000182
4.175000	0.000164
4.200000	0.000148
4.225000	0.000133
4.250000	0.000120
4.275000	0.000108
4.300000	0.000097
4.325000	0.000087
4.350000	0.000078
4.375000	0.000070
4.400000	0.000063
4.425000	0.000056
4.450000	0.000050
4.475000	0.000045
4.500000	0.000040
4.525000	0.000036
4.550000	0.000032
4.575000	0.000029
4.600000	0.000025
4.625000	0.000023
4.650000	0.000020
4.675000	0.000018
4.700000	0.000016
4.725000	0.000014
4.750000	0.000013
4.775000	0.000011
4.800000	0.000010
4.825000	0.000009
4.850000	0.000008
4.875000	0.000007
4.900000	0.000006
4.925000	0.000005
4.950000	0.000005
4.975000	0.000004
