-5.000000	0.000004
-4.975000	0.000004
-4.950000	0.000005
-4.925000	0.000005
-4.900000	0.000006
-4.875000	0.000007
-4.850000	0.000008
-4.825000	0.000009
-4.800000	0.000010
-4.775000	0.000011
-4.750000	0.000013
-4.725000	0.000014
-4.700000	0.000016
-4.675000	0.000018
-4.650000	0.000020
-4.625000	0.000023
-4.600000	0.000025
-4.575000	0.000029
-4.550000	0.000032
-4.525000	0.000036
-4.500000	0.000040
-4.475000	0.000045
-4.450000	0.000050
-4.425000	0.000056
-4.400000	0.000063
-4.375000	0.000070
-4.350000	0.000078
-4.325000	0.000087
-4.300000	0.000097
-4.275000	0.000108
-4.250000	0.000120
-4.225000	0.000133
-4.200000	0.000148
-4.175000	0.000164
-4.150000	0.000182
-4.125000	0.000202
-4.100000	0.000224
-4.075000	0.000248
-4.050000	0.000274
-4.025000	0.000303
-4.000000	0.000335
-3.975000	0.000371
-3.950000	0.000409
-3.925000	0.000452
-3.900000	0.000498
-3.875000	0.000549
-3.850000	0.000604
-3.825000	0.000665
-3.800000	0.000732
-3.775000	0.000804
-3.750000	0.000884
-3.725000	0.000970
-3.700000	0.001065
-3.675000	0.001168
-3.650000	0.001280
-3.625000	0.001401
-3.600000	0.001534
-3.575000	0.001678
-3.550000	0.001834
-3.525000	0.002004
-3.500000	0.002187
-3.475000	0.002387
-3.450000	0.002603
-3.425000	0.002836
-3.400000	0.003089
-3.375000	0.003362
-3.350000	0.003656
-3.325000	0.003975
-3.300000	0.004318
-3.275000	0.004688
-3.250000	0.005086
-3.225000	0.005515
-3.200000	0.005976
-3.175000	0.006472
-3.150000	0.007004
-3.125000	0.007576
-3.100000	0.008189
-3.075000	0.008846
-3.050000	0.009550
-3.025000	0.010303
-3.000000	0.011109
-2.975000	0.011970
-2.950000	0.012891
-2.925000	0.013873
-2.900000	0.014921
-2.875000	0.016038
-2.850000	0.017227
-2.825000	0.018494
-2.800000	0.019841
-2.775000	0.021273
-2.750000	0.022794
-2.725000	0.024409
-2.700000	0.026121
-2.675000	0.027937
-2.650000	0.029860
-2.625000	0.031895
-2.600000	0.034047
-2.575000	0.036323
-2.550000	0.038726
-2.525000	0.041262
-2.500000	0.043937
-2.475000	0.046756
-2.450000	0.049725
-2.425000	0.052849
-2.400000	0.056135
-2.375000	0.059587
-2.350000	0.063213
-2.325000	0.067017
-2.300000	0.071005
-2.275000	0.075184
-2.250000	0.079560
-2.225000	0.084137
-2.200000	0.088922
-2.175000	0.093920
-2.150000	0.099137
-2.125000	0.104579
-2.100000	0.110251
-2.075000	0.116157
-2.050000	0.122303
-2.025000	0.128695
-2.000000	0.135335
-1.975000	0.142230
-1.950000	0.149382
-1.925000	0.156796
-1.900000	0.164474
-1.875000	0.172422
-1.850000	0.180640
-1.825000	0.189132
-1.800000	0.197899
-1.775000	0.206943
-1.750000	0.216265
-1.725000	0.225866
-1.700000	0.235746
-1.675000	0.245904
-1.650000	0.256340
-1.625000	0.267052
-1.600000	0.278037
-1.575000	0.289294
-1.550000	0.300818
-1.525000	0.312606
-1.500000	0.324652
-1.475000	0.336953
-1.450000	0.349501
-1.425000	0.362289
-1.400000	0.375311
-1.375000	0.388558
-1.350000	0.402021
-1.325000	0.415691
-1.300000	0.429557
-1.275000	0.443609
-1.250000	0.457833
-1.225000	0.472219
-1.200000	0.486752
-1.175000	0.501419
-1.150000	0.516206
-1.125000	0.531096
-1.100000	0.546074
-1.075000	0.561124
-1.050000	0.576229
-1.025000	0.591371
-1.000000	0.606531
-0.975000	0.621691
-0.950000	0.636832
-0.925000	0.651934
-0.900000	0.666977
-0.875000	0.681941
-0.850000	0.696805
-0.825000	0.711548
-0.800000	0.726149
-0.775000	0.740587
-0.750000	0.754840
-0.725000	0.768886
-0.700000	0.782705
-0.675000	0.796274
-0.650000	0.809572
-0.625000	0.822578
-0.600000	0.835270
-0.575000	0.847629
-0.550000	0.859633
-0.525000	0.871262
-0.500000	0.882497
-0.475000	0.893318
-0.450000	0.903707
-0.425000	0.913646
-0.400000	0.923116
-0.375000	0.932102
-0.350000	0.940588
-0.325000	0.948558
-0.300000	0.955997
-0.275000	0.962893
-0.250000	0.969233
-0.225000	0.975005
-0.200000	0.980199
-0.175000	0.984804
-0.150000	0.988813
-0.125000	0.992218
-0.100000	0.995012
-0.075000	0.997191
-0.050000	0.998751
-0.025000	0.999688
0.000000	1.000000
0.025000	0.999688
0.050000	0.998751
0.075000	0.997191
0.100000	0.995012
0.125000	0.992218
0.150000	0.988813
0.175000	0.984804
0.200000	0.980199
0.225000	0.975005
0.250000	0.969233
0.275000	0.962893
0.300000	0.955997
0.325000	0.948558
0.350000	0.940588
0.375000	0.932102
0.400000	0.923116
0.425000	0.913646
0.450000	0.903707
0.475000	0.893318
0.500000	0.882497
0.525000	0.871262
0.550000	0.859633
0.575000	0.847629
0.600000	0.835270
0.625000	0.822578
0.650000	0.809572
0.675000	0.796274
0.700000	0.782705
0.725000	0.768886
0.750000	0.754840
0.775000	0.740587
0.800000	0.726149
0.825000	0.711548
0.850000	0.696805
0.875000	0.681941
0.900000	0.666977
0.925000	0.651934
0.950000	0.636832
0.975000	0.621691
1.000000	0.606531
1.025000	0.591371
1.050000	0.576229
1.075000	0.561124
1.100000	0.546074
1.125000	0.531096
1.150000	0.516206
1.175000	0.501419
1.200000	0.486752
1.225000	0.472219
1.250000	0.457833
1.275000	0.443609
1.300000	0.429557
1.325000	0.415691
1.350000	0.402021
1.375000	0.388558
1.400000	0.375311
1.425000	0.362289
1.450000	0.349501
1.475000	0.336953
1.500000	0.324652
1.525000	0.312606
1.550000	0.300818
1.575000	0.289294
1.600000	0.278037
1.625000	0.267052
1.650000	0.256340
1.675000	0.245904
1.700000	0.235746
1.725000	0.225866
1.750000	0.216265
1.775000	0.206943
1.800000	0.197899
1.825000	0.189132
1.850000	0.180640
1.875000	0.172422
1.900000	0.164474
1.925000	0.156796
1.950000	0.149382
1.975000	0.142230
2.000000	0.135335
2.025000	0.128695
2.050000	0.122303
2.075000	0.116157
2.100000	0.110251
2.125000	0.104579
2.150000	0.099137
2.175000	0.093920
2.200000	0.088922
2.225000	0.084137
2.250000	0.079560
2.275000	0.075184
2.300000	0.071005
2.325000	0.067017
2.350000	0.063213
2.375000	0.059587
2.400000	0.056135
2.425000	0.052849
2.450000	0.049725
2.475000	0.046756
2.500000	0.043937
2.525000	0.041262
2.550000	0.038726
2.575000	0.036323
2.600000	0.034047
2.625000	0.031895
2.650000	0.029860
2.675000	0.027937
2.700000	0.026121
2.725000	0.024409
2.750000	0.022794
2.775000	0.021273
2.800000	0.019841
2.825000	0.018494
2.850000	0.017227
2.875000	0.016038
2.900000	0.014921
2.925000	0.013873
2.950000	0.012891
2.975000	0.011970
3.000000	0.011109
3.025000	0.010303
3.050000	0.009550
3.075000	0.008846
3.100000	0.008189
3.125000	0.007576
3.150000	0.007004
3.175000	0.006472
3.200000	0.005976
3.225000	0.005515
3.250000	0.005086
3.275000	0.004688
3.300000	0.004318
3.325000	0.003975
3.350000	0.003656
3.375000	0.003362
3.400000	0.003089
3.425000	0.002836
3.450000	0.002603
3.475000	0.002387
3.500000	0.002187
3.525000	0.002004
3.550000	0.001834
3.575000	0.001678
3.600000	0.001534
3.625000	0.001401
3.650000	0.001280
3.675000	0.001168
3.700000	0.001065
3.725000	0.000970
3.750000	0.000884
3.775000	0.000804
3.800000	0.000732
3.825000	0.000665
3.850000	0.000604
3.875000	0.000549
3.900000	0.000498
3.925000	0.000452
3.950000	0.000409
3.975000	0.000371
4.000000	0.000335
4.025000	0.000303
4.050000	0.000274
4.075000	0.000248
4.100000	0.000224
4.125000	0.000202
4.150000	0.000182
4.175000	0.000164
4.200000	0.000148
4.225000	0.000133
4.250000	0.000120
4.275000	0.000108
4.300000	0.000097
4.325000	0.000087
4.350000	0.000078
4.375000	0.000070
4.400000	0.000063
4.425000	0.000056
4.450000	0.000050
4.475000	0.000045
4.500000	0.000040
4.525000	0.000036
4.550000	0.000032
4.575000	0.000029
4.600000	0.000025
4.625000	0.000023
4.650000	0.000020
4.675000	0.000018
4.700000	0.000016
4.725000	0.000014
4.750000	0.000013
4.775000	0.000011
4.800000	0.000010
4.825000	0.000009
4.850000	0.000008
4.875000	0.000007
4.900000	0.000006
4.925000	0.000005
4.950000	0.000005
4.975000	0.000004
