0.000000	329.588749	0.000000
0.020000	304.211234	-2.883139
0.040000	236.922215	0.503942
0.060000	150.034923	-2.432679
0.080000	69.924112	0.765374
0.100000	26.408245	-3.133739
0.120000	37.179438	-0.749666
0.140000	42.417403	2.448387
0.160000	35.615033	-0.488234
0.180000	24.315247	2.898847
0.200000	14.007211	0.015708
0.220000	6.874330	-2.867431
0.240000	2.846668	0.519650
0.260000	0.958516	-2.416971
0.280000	0.237525	0.781082
0.300000	0.047698	-3.118031
0.320000	0.035706	-0.733958
0.340000	0.021660	2.464095
0.360000	0.009670	-0.472527
0.380000	0.003510	2.914555
0.400000	0.001075	0.031416
0.420000	0.000281	-2.851723
0.440000	0.000062	0.535358
0.460000	0.000011	-2.401263
0.480000	0.000001	0.796790
0.500000	0.000000	-3.102323
0.520000	0.000000	-0.718250
0.540000	0.000000	2.479803
0.560000	0.000000	-0.456819
0.580000	0.000000	2.930266
0.600000	0.000000	0.047119
0.620000	0.000000	-2.835870
0.640000	0.000000	0.551028
0.660000	0.000000	-2.371785
0.680000	0.000000	0.783867
0.700000	0.000000	-0.779431
0.720000	0.000000	2.562396
0.740000	0.000000	2.417656
0.760000	0.000000	1.142882
0.780000	0.000000	-0.044944
0.800000	0.000000	-2.373601
0.820000	0.000000	-1.854507
0.840000	0.000000	-2.043906
0.860000	0.000000	-0.886135
0.880000	0.000000	0.810454
0.900000	0.000000	2.908573
0.920000	0.000000	0.768458
0.940000	0.000000	-1.985816
0.960000	0.000000	1.619768
0.980000	0.000000	-1.709773
1.000000	0.000000	0.152610
1.020000	0.000000	-1.564716
1.040000	0.000000	1.495025
1.060000	0.000000	3.063678
1.080000	0.000000	-0.626678
1.100000	0.000000	2.636906
1.120000	0.000000	1.742147
1.140000	0.000000	-2.451187
1.160000	0.000000	-0.433606
1.180000	0.000000	-0.023095
1.200000	0.000000	2.200465
1.220000	0.000000	1.175247
1.240000	0.000000	1.407532
1.260000	0.000000	-0.400121
1.280000	0.000000	0.624093
1.300000	0.000000	-0.221068
1.320000	0.000000	2.922517
1.340000	0.000000	2.051262
1.360000	0.000000	-0.986754
1.380000	0.000000	0.508146
1.400000	0.000000	-2.377915
1.420000	0.000000	-0.069942
1.440000	0.000000	-1.738220
1.460000	0.000000	-0.078898
1.480000	0.000000	0.465822
1.500000	0.000000	-1.083931
1.520000	0.000000	1.926790
1.540000	0.000000	-1.005429
1.560000	0.000000	1.363896
1.580000	0.000000	2.857581
1.600000	0.000000	-1.790644
1.620000	0.000000	2.175861
1.640000	0.000000	-1.586593
1.660000	0.000000	2.811501
1.680000	0.000000	-2.261642
1.700000	0.000000	2.235942
1.720000	0.000000	-2.669608
1.740000	0.000000	2.991251
1.760000	0.000000	-0.460183
1.780000	0.000000	-1.246761
1.800000	0.000000	-0.049392
1.820000	0.000000	0.221080
1.840000	0.000000	-0.956928
1.860000	0.000000	0.067133
1.880000	0.000000	-2.362033
1.900000	0.000000	-3.124844
1.920000	0.000000	-1.695500
1.940000	0.000000	-1.677911
1.960000	0.000000	1.431804
1.980000	0.000000	2.751200
2.000000	0.000000	-0.314159
2.020000	0.000000	2.986673
2.040000	0.000000	1.871133
2.060000	0.000000	-0.106963
2.080000	0.000000	1.303788
2.100000	0.000000	-2.281100
2.120000	0.000000	1.575872
2.140000	0.000000	2.870622
2.160000	0.000000	1.032377
2.180000	0.000000	2.559041
2.200000	0.000000	0.035552
2.220000	0.000000	1.659485
2.240000	0.000000	-1.628677
2.260000	0.000000	-1.948758
2.280000	0.000000	0.939855
2.300000	0.000000	2.467341
2.320000	0.000000	0.926812
2.340000	0.000000	-0.585655
2.360000	0.000000	-1.167648
2.380000	0.000000	-0.449918
2.400000	0.000000	2.404356
2.420000	0.000000	2.981146
2.440000	0.000000	2.236365
2.460000	0.000000	-0.384877
2.480000	0.000000	3.060764
2.500000	0.000000	-1.181415
2.520000	0.000000	2.317483
2.540000	0.000000	-0.835296
2.560000	0.000000	2.088983
2.580000	0.000000	-2.978712
2.600000	0.000000	2.307214
2.620000	0.000000	-2.154918
2.640000	0.000000	-1.779818
2.660000	0.000000	-0.591748
2.680000	0.000000	2.970845
2.700000	0.000000	-0.769120
2.720000	0.000000	-2.994993
2.740000	0.000000	1.848823
2.760000	0.000000	0.073637
2.780000	0.000000	-0.778014
2.800000	0.000000	1.572894
2.820000	0.000000	-1.501566
2.840000	0.000000	-0.774750
2.860000	0.000000	-2.790387
2.880000	0.000000	3.053597
2.900000	0.000000	-1.203042
2.920000	0.000000	0.695588
2.940000	0.000000	-2.748055
2.960000	0.000000	0.752727
2.980000	0.000000	-0.616845
3.000000	0.000000	0.990036
3.020000	0.000000	0.604344
3.040000	0.000000	-0.122734
3.060000	0.000000	-1.401629
3.080000	0.000000	-2.231776
3.100000	0.000000	2.177505
3.120000	0.000000	-2.794506
3.140000	0.000000	0.219877
3.160000	0.000000	-2.945911
3.180000	0.000000	-0.937837
3.200000	0.000000	-1.750954
3.220000	0.000000	-0.164594
3.240000	0.000000	1.068431
3.260000	0.000000	1.774644
3.280000	0.000000	-0.264501
3.300000	0.000000	-1.158168
3.320000	0.000000	1.470318
3.340000	0.000000	-0.224441
3.360000	0.000000	1.668483
3.380000	0.000000	-0.484485
3.400000	0.000000	-1.916145
3.420000	0.000000	0.729371
3.440000	0.000000	-2.794506
3.460000	0.000000	1.400923
3.480000	0.000000	-0.340138
3.500000	0.000000	-2.834627
3.520000	0.000000	-0.737170
3.540000	0.000000	2.674007
3.560000	0.000000	0.563456
3.580000	0.000000	-1.177379
3.600000	0.000000	-0.720753
3.620000	0.000000	1.558262
3.640000	0.000000	-0.627970
3.660000	0.000000	1.456157
3.680000	0.000000	-0.701889
3.700000	0.000000	2.495223
3.720000	0.000000	0.836227
3.740000	0.000000	-2.130630
3.760000	0.000000	1.344973
3.780000	0.000000	2.360727
3.800000	0.000000	1.301974
3.820000	0.000000	-1.325977
3.840000	0.000000	-0.253271
3.860000	0.000000	2.484923
3.880000	0.000000	1.706043
3.900000	0.000000	-2.830699
3.920000	0.000000	0.207233
3.940000	0.000000	-2.356194
3.960000	0.000000	2.618258
3.980000	0.000000	-2.238836
4.000000	0.000000	0.000000
4.020000	0.000000	-1.448284
4.040000	0.000000	2.816731
4.060000	0.000000	2.356194
4.080000	0.000000	2.331603
4.100000	0.000000	-2.656284
4.120000	0.000000	1.923825
4.140000	0.000000	-2.316524
4.160000	0.000000	2.567395
4.180000	0.000000	0.155050
4.200000	0.000000	0.078591
4.220000	0.000000	-1.749821
4.240000	0.000000	3.094127
4.260000	0.000000	-2.077821
4.280000	0.000000	2.685176
4.300000	0.000000	-1.742331
4.320000	0.000000	-0.390939
4.340000	0.000000	-1.710783
4.360000	0.000000	2.313515
4.380000	0.000000	-2.674599
4.400000	0.000000	-1.335599
4.420000	0.000000	1.786749
4.440000	0.000000	-0.916690
4.460000	0.000000	2.151945
4.480000	0.000000	0.052811
4.500000	0.000000	3.129610
4.520000	0.000000	0.364737
4.540000	0.000000	1.453877
4.560000	0.000000	-0.387565
4.580000	0.000000	-0.465643
4.600000	0.000000	-0.781147
4.620000	0.000000	2.435087
4.640000	0.000000	0.517135
4.660000	0.000000	2.720885
4.680000	0.000000	0.780124
4.700000	0.000000	-2.230803
4.720000	0.000000	1.179449
4.740000	0.000000	-1.161625
4.760000	0.000000	2.463874
4.780000	0.000000	0.265517
4.800000	0.000000	-2.216345
4.820000	0.000000	1.801809
4.840000	0.000000	-0.952788
4.860000	0.000000	-1.400934
4.880000	0.000000	1.630099
4.900000	0.000000	1.629690
4.920000	0.000000	-1.657860
4.940000	0.000000	1.720164
4.960000	0.000000	-2.043478
4.980000	0.000000	2.625189
5.000000	0.000000	0.885567
5.020000	0.000000	-2.641209
5.040000	0.000000	2.822506
5.060000	0.000000	0.306925
5.080000	0.000000	1.140575
5.100000	0.000000	-2.371650
5.120000	0.000000	0.293835
5.140000	0.000000	-1.488902
5.160000	0.000000	2.679204
5.180000	0.000000	2.669912
5.200000	0.000000	-2.098167
5.220000	0.000000	-0.531988
5.240000	0.000000	1.909973
5.260000	0.000000	2.497893
5.280000	0.000000	-0.402149
5.300000	0.000000	-2.827921
5.320000	0.000000	-0.367609
5.340000	0.000000	2.759153
5.360000	0.000000	0.383046
5.380000	0.000000	-0.475092
5.400000	0.000000	-1.690633
5.420000	0.000000	1.411968
5.440000	0.000000	-2.067643
5.460000	0.000000	2.079590
5.480000	0.000000	-0.520199
5.500000	0.000000	2.245986
5.520000	0.000000	-0.576703
5.540000	0.000000	3.107684
5.560000	0.000000	2.384864
5.580000	0.000000	-0.130470
5.600000	0.000000	-2.183518
5.620000	0.000000	-0.698406
5.640000	0.000000	-2.423184
5.660000	0.000000	0.342583
5.680000	0.000000	1.540753
5.700000	0.000000	-0.553597
5.720000	0.000000	2.536780
5.740000	0.000000	-2.576819
5.760000	0.000000	2.511564
5.780000	0.000000	-0.072744
5.800000	0.000000	-2.508922
5.820000	0.000000	3.013480
5.840000	0.000000	2.390320
5.860000	0.000000	-2.991538
5.880000	0.000000	1.652349
5.900000	0.000000	-1.734241
5.920000	0.000000	-0.319491
5.940000	0.000000	2.686323
5.960000	0.000000	-1.705323
5.980000	0.000000	1.328188
6.000000	0.000000	2.199115
6.020000	0.000000	0.653485
6.040000	0.000000	-1.286479
6.060000	0.000000	2.592166
6.080000	0.000000	-2.070534
6.100000	0.000000	-3.031739
6.120000	0.000000	-0.072725
6.140000	0.000000	-1.442408
6.160000	0.000000	0.051896
6.180000	0.000000	0.580481
6.200000	0.000000	-0.996663
6.220000	0.000000	2.798726
6.240000	0.000000	0.753505
6.260000	0.000000	-0.570270
6.280000	0.000000	-0.177845
6.300000	0.000000	-2.297830
6.320000	0.000000	0.697706
6.340000	0.000000	-1.707644
6.360000	0.000000	2.091371
6.380000	0.000000	2.095747
6.400000	0.000000	3.059564
6.420000	0.000000	0.612066
6.440000	0.000000	1.114864
6.460000	0.000000	2.313391
6.480000	0.000000	0.050431
6.500000	0.000000	0.525280
6.520000	0.000000	1.800153
6.540000	0.000000	-0.718072
6.560000	0.000000	0.193762
6.580000	0.000000	2.127933
6.600000	0.000000	-1.188536
6.620000	0.000000	2.569165
6.640000	0.000000	0.531808
6.660000	0.000000	-1.869692
6.680000	0.000000	0.786089
6.700000	0.000000	-1.766497
6.720000	0.000000	1.806251
6.740000	0.000000	-1.560545
6.760000	0.000000	0.526087
6.780000	0.000000	0.488680
6.800000	0.000000	3.001791
6.820000	0.000000	-2.894944
6.840000	0.000000	-0.549161
6.860000	0.000000	2.947048
6.880000	0.000000	0.478948
6.900000	0.000000	-2.546251
6.920000	0.000000	0.929171
6.940000	0.000000	-1.104710
6.960000	0.000000	1.311890
6.980000	0.000000	2.063908
7.000000	0.000000	-2.562021
7.020000	0.000000	1.713964
7.040000	0.000000	-2.345685
7.060000	0.000000	0.095912
7.080000	0.000000	-2.243022
7.100000	0.000000	-1.151746
7.120000	0.000000	-1.122769
7.140000	0.000000	2.625339
7.160000	0.000000	-1.144685
7.180000	0.000000	0.373155
7.200000	0.000000	3.014835
7.220000	0.000000	-0.972249
7.240000	0.000000	0.447887
7.260000	0.000000	-0.495359
7.280000	0.000000	-1.206061
7.300000	0.000000	2.540374
7.320000	0.000000	-1.627827
7.340000	0.000000	2.284912
7.360000	0.000000	-0.198301
7.380000	0.000000	-2.701357
7.400000	0.000000	0.804324
7.420000	0.000000	-2.038065
7.440000	0.000000	-2.604361
7.460000	0.000000	0.484761
7.480000	0.000000	-2.572515
7.500000	0.000000	0.532819
7.520000	0.000000	-1.711428
7.540000	0.000000	2.040728
7.560000	0.000000	-0.157971
7.580000	0.000000	2.307037
7.600000	0.000000	1.672940
7.620000	0.000000	-2.355406
7.640000	0.000000	0.844977
7.660000	0.000000	0.986165
7.680000	0.000000	-2.245932
7.700000	0.000000	-2.273780
7.720000	0.000000	1.653200
7.740000	0.000000	1.729492
7.760000	0.000000	-1.866983
7.780000	0.000000	1.849055
7.800000	0.000000	-0.171607
7.820000	0.000000	2.974586
7.840000	0.000000	0.829847
7.860000	0.000000	-2.631411
7.880000	0.000000	1.154227
7.900000	0.000000	-2.184426
7.920000	0.000000	0.841069
7.940000	0.000000	-2.564118
7.960000	0.000000	-2.393567
7.980000	0.000000	-3.008724
8.000000	0.000000	0.000000
8.020000	0.000000	2.781925
8.040000	0.000000	0.194452
8.060000	0.000000	2.941759
8.080000	0.000000	-0.841069
8.100000	0.000000	2.664095
8.120000	0.000000	2.797844
8.140000	0.000000	-2.326911
8.160000	0.000000	1.217428
8.180000	0.000000	-2.235385
8.200000	0.000000	0.701485
8.220000	0.000000	-1.745132
8.240000	0.000000	1.168399
8.260000	0.000000	-1.851304
8.280000	0.000000	0.687310
8.300000	0.000000	-2.604615
8.320000	0.000000	-1.322453
8.340000	0.000000	-0.138998
8.360000	0.000000	-3.025488
8.380000	0.000000	-1.073952
8.400000	0.000000	-1.808012
8.420000	0.000000	0.139449
8.440000	0.000000	-2.500023
8.460000	0.000000	-1.962012
8.480000	0.000000	2.666577
8.500000	0.000000	1.439834
8.520000	0.000000	2.895997
8.540000	0.000000	-1.557187
8.560000	0.000000	2.935930
8.580000	0.000000	-0.783738
8.600000	0.000000	-2.024056
8.620000	0.000000	-1.506919
8.640000	0.000000	1.932757
8.660000	0.000000	0.534061
8.680000	0.000000	-1.801425
8.700000	0.000000	1.617596
8.720000	0.000000	-1.129927
8.740000	0.000000	-2.945575
8.760000	0.000000	2.021998
8.780000	0.000000	-2.383706
8.800000	0.000000	-2.457378
8.820000	0.000000	2.802918
8.840000	0.000000	-2.639123
8.860000	0.000000	0.499455
8.880000	0.000000	-2.372853
8.900000	0.000000	2.613756
8.920000	0.000000	-1.227521
8.940000	0.000000	2.683896
8.960000	0.000000	-0.186859
8.980000	0.000000	2.844120
9.000000	0.000000	0.747800
9.020000	0.000000	-1.823440
9.040000	0.000000	1.735509
9.060000	0.000000	-0.305801
9.080000	0.000000	0.862449
9.100000	0.000000	2.217253
9.120000	0.000000	-0.417877
9.140000	0.000000	3.001175
9.160000	0.000000	1.958024
9.180000	0.000000	-1.394744
9.200000	0.000000	1.893818
9.220000	0.000000	0.369885
9.240000	0.000000	-2.377849
9.260000	0.000000	1.406147
9.280000	0.000000	-1.788272
9.300000	0.000000	1.321705
9.320000	0.000000	-2.374224
9.340000	0.000000	2.416566
9.360000	0.000000	2.113205
9.380000	0.000000	0.088783
9.400000	0.000000	-3.013013
9.420000	0.000000	-0.292392
9.440000	0.000000	-1.877861
9.460000	0.000000	-0.631233
9.480000	0.000000	2.658143
9.500000	0.000000	-2.809537
9.520000	0.000000	0.376501
9.540000	0.000000	-2.768734
9.560000	0.000000	1.131696
9.580000	0.000000	-2.670814
9.600000	0.000000	1.451254
9.620000	0.000000	2.272075
9.640000	0.000000	1.589003
9.660000	0.000000	-0.548958
9.680000	0.000000	1.698248
9.700000	0.000000	-0.020919
9.720000	0.000000	-2.719329
9.740000	0.000000	0.691582
9.760000	0.000000	-3.116598
9.780000	0.000000	0.778099
9.800000	0.000000	3.034435
9.820000	0.000000	-0.266252
9.840000	0.000000	3.017238
9.860000	0.000000	1.107149
9.880000	0.000000	2.622447
9.900000	0.000000	0.128129
9.920000	0.000000	1.373401
9.940000	0.000000	-0.000000
9.960000	0.000000	1.249046
9.980000	0.000000	-0.141897
10.000000	0.000000	-1.570796
10.020000	0.000000	1.460139
10.040000	0.000000	2.356194
10.060000	0.000000	-2.034444
10.080000	0.000000	0.141897
10.100000	0.000000	-0.740485
10.120000	0.000000	0.000000
10.140000	0.000000	0.380506
10.160000	0.000000	1.570796
10.180000	0.000000	-1.661456
10.200000	0.000000	-2.889435
10.220000	0.000000	-1.724340
10.240000	0.000000	3.141593
10.260000	0.000000	-2.924155
10.280000	0.000000	-0.111707
10.300000	0.000000	-2.295080
10.320000	0.000000	1.401882
10.340000	0.000000	-0.415224
10.360000	0.000000	2.624977
10.380000	0.000000	0.502421
10.400000	0.000000	0.584660
10.420000	0.000000	2.089787
10.440000	0.000000	-2.018416
10.460000	0.000000	2.904811
10.480000	0.000000	0.776805
10.500000	0.000000	1.991400
10.520000	0.000000	-1.766022
10.540000	0.000000	1.221438
10.560000	0.000000	-2.063965
10.580000	0.000000	2.948081
10.600000	0.000000	-1.996671
10.620000	0.000000	-3.020316
10.640000	0.000000	-0.457132
10.660000	0.000000	1.705772
10.680000	0.000000	-1.395079
10.700000	0.000000	-0.941842
10.720000	0.000000	-0.698739
10.740000	0.000000	-2.777229
10.760000	0.000000	0.003478
10.780000	0.000000	2.997639
10.800000	0.000000	0.881309
10.820000	0.000000	-0.173682
10.840000	0.000000	0.619993
10.860000	0.000000	2.876693
10.880000	0.000000	1.363515
10.900000	0.000000	-1.629625
10.920000	0.000000	-2.916393
10.940000	0.000000	2.242584
10.960000	0.000000	-1.533640
10.980000	0.000000	2.854849
11.000000	0.000000	-2.184866
11.020000	0.000000	1.885184
11.040000	0.000000	-2.063515
11.060000	0.000000	1.847848
11.080000	0.000000	-0.693625
11.100000	0.000000	1.398791
11.120000	0.000000	-1.408422
11.140000	0.000000	-0.163835
11.160000	0.000000	-0.148298
11.180000	0.000000	2.153325
11.200000	0.000000	0.272389
11.220000	0.000000	1.741281
11.240000	0.000000	1.005355
11.260000	0.000000	-1.892396
11.280000	0.000000	0.930732
11.300000	0.000000	-2.506505
11.320000	0.000000	-2.833963
11.340000	0.000000	1.836034
11.360000	0.000000	-0.762534
11.380000	0.000000	0.882707
11.400000	0.000000	0.034567
11.420000	0.000000	-0.403671
11.440000	0.000000	-2.219770
11.460000	0.000000	-0.071895
11.480000	0.000000	2.819381
11.500000	0.000000	0.606060
11.520000	0.000000	-2.279401
11.540000	0.000000	1.942341
11.560000	0.000000	-2.839423
11.580000	0.000000	0.155449
11.600000	0.000000	-1.964411
11.620000	0.000000	-0.804779
11.640000	0.000000	-2.253681
11.660000	0.000000	0.734549
11.680000	0.000000	-2.548595
11.700000	0.000000	1.065095
11.720000	0.000000	-0.755589
11.740000	0.000000	0.078634
11.760000	0.000000	-1.432395
11.780000	0.000000	3.049243
11.800000	0.000000	-0.529460
11.820000	0.000000	-0.432159
11.840000	0.000000	2.319465
11.860000	0.000000	-2.222276
11.880000	0.000000	0.806739
11.900000	0.000000	-2.984957
11.920000	0.000000	-0.196261
11.940000	0.000000	0.785398
11.960000	0.000000	-0.182376
11.980000	0.000000	2.075456
12.000000	0.000000	0.000000
12.020000	0.000000	2.131702
12.040000	0.000000	-0.429004
12.060000	0.000000	2.356194
12.080000	0.000000	0.357314
12.100000	0.000000	-1.835954
12.120000	0.000000	1.101036
12.140000	0.000000	2.680140
12.160000	0.000000	0.022967
12.180000	0.000000	1.128401
12.200000	0.000000	-0.972435
12.220000	0.000000	2.741952
12.240000	0.000000	2.588703
12.260000	0.000000	2.393182
12.280000	0.000000	-2.298248
12.300000	0.000000	1.476381
12.320000	0.000000	-1.254738
12.340000	0.000000	2.405645
12.360000	0.000000	-0.069715
12.380000	0.000000	-2.485651
12.400000	0.000000	0.469691
12.420000	0.000000	1.327594
12.440000	0.000000	-2.993823
12.460000	0.000000	0.983197
12.480000	0.000000	-1.768988
12.500000	0.000000	1.517803
12.520000	0.000000	1.182739
12.540000	0.000000	1.479038
12.560000	0.000000	1.605954
12.580000	0.000000	-0.851334
12.600000	0.000000	0.197232
12.620000	0.000000	0.019100
12.640000	0.000000	-2.213475
12.660000	0.000000	0.682010
12.680000	0.000000	-1.090153
12.700000	0.000000	0.893446
12.720000	0.000000	-1.461536
12.740000	0.000000	-1.507819
12.760000	0.000000	-1.770276
12.780000	0.000000	0.783708
12.800000	0.000000	2.513839
12.820000	0.000000	1.297633
12.840000	0.000000	-0.217566
12.860000	0.000000	2.500104
12.880000	0.000000	1.028242
12.900000	0.000000	-0.304525
12.920000	0.000000	2.556419
12.940000	0.000000	-0.372359
12.960000	0.000000	-2.574035
12.980000	0.000000	1.426419
13.000000	0.000000	-1.406578
13.020000	0.000000	1.672377
13.040000	0.000000	-1.256914
13.060000	0.000000	2.727097
13.080000	0.000000	-0.387688
13.100000	0.000000	2.988436
13.120000	0.000000	-0.058525
13.140000	0.000000	-1.277165
13.160000	0.000000	-2.153749
13.180000	0.000000	1.329295
13.200000	0.000000	0.424421
13.220000	0.000000	-2.311241
13.240000	0.000000	-0.332087
13.260000	0.000000	-0.170317
13.280000	0.000000	-2.045467
13.300000	0.000000	1.782024
13.320000	0.000000	-1.199323
13.340000	0.000000	-2.021097
13.360000	0.000000	-2.037484
13.380000	0.000000	0.125831
13.400000	0.000000	-1.445533
13.420000	0.000000	1.989095
13.440000	0.000000	-0.725693
13.460000	0.000000	-0.908984
13.480000	0.000000	2.043149
13.500000	0.000000	-2.662608
13.520000	0.000000	0.587765
13.540000	0.000000	2.973910
13.560000	0.000000	-0.244912
13.580000	0.000000	0.954959
13.600000	0.000000	0.924353
13.620000	0.000000	0.886140
13.640000	0.000000	3.098124
13.660000	0.000000	-1.510543
13.680000	0.000000	2.320201
13.700000	0.000000	0.639131
13.720000	0.000000	1.185942
13.740000	0.000000	1.398335
13.760000	0.000000	-2.469446
13.780000	0.000000	2.907309
13.800000	0.000000	-1.760525
13.820000	0.000000	2.430935
13.840000	0.000000	-1.082729
13.860000	0.000000	-2.215726
13.880000	0.000000	1.612369
13.900000	0.000000	-1.241342
13.920000	0.000000	2.217482
13.940000	0.000000	-0.937238
13.960000	0.000000	0.847496
13.980000	0.000000	-0.612757
14.000000	0.000000	0.942478
14.020000	0.000000	-1.179563
14.040000	0.000000	1.709401
14.060000	0.000000	1.668476
14.080000	0.000000	-0.944815
14.100000	0.000000	-2.550348
14.120000	0.000000	1.571565
14.140000	0.000000	-2.260460
14.160000	0.000000	-1.833059
14.180000	0.000000	1.153849
14.200000	0.000000	-1.789378
14.220000	0.000000	-2.950081
14.240000	0.000000	-1.460881
14.260000	0.000000	1.773047
14.280000	0.000000	-0.187708
14.300000	0.000000	-1.175405
14.320000	0.000000	-2.164697
14.340000	0.000000	-0.298793
14.360000	0.000000	-0.249848
14.380000	0.000000	1.680455
14.400000	0.000000	2.513274
14.420000	0.000000	-0.378650
14.440000	0.000000	-1.819758
14.460000	0.000000	1.675024
14.480000	0.000000	-1.027344
14.500000	0.000000	3.129550
14.520000	0.000000	0.839309
14.540000	0.000000	-1.869809
14.560000	0.000000	1.406324
14.580000	0.000000	2.747345
14.600000	0.000000	2.021103
14.620000	0.000000	0.396921
14.640000	0.000000	1.086920
14.660000	0.000000	-1.059405
14.680000	0.000000	0.421512
14.700000	0.000000	-2.923993
14.720000	0.000000	3.047257
14.740000	0.000000	-2.076484
14.760000	0.000000	0.501390
14.780000	0.000000	2.117722
14.800000	0.000000	1.849217
14.820000	0.000000	-1.080044
14.840000	0.000000	2.167218
14.860000	0.000000	0.074353
14.880000	0.000000	1.690131
14.900000	0.000000	1.423241
14.920000	0.000000	-2.834419
14.940000	0.000000	-0.595212
14.960000	0.000000	-2.012625
14.980000	0.000000	2.254168
15.000000	0.000000	0.835608
15.020000	0.000000	2.780871
15.040000	0.000000	0.619099
15.060000	0.000000	-1.884761
15.080000	0.000000	3.023339
15.100000	0.000000	1.654236
15.120000	0.000000	-1.996252
15.140000	0.000000	2.544346
15.160000	0.000000	0.712539
15.180000	0.000000	2.871084
15.200000	0.000000	-2.263940
15.220000	0.000000	-0.661444
15.240000	0.000000	-1.480898
15.260000	0.000000	3.034446
15.280000	0.000000	1.245495
15.300000	0.000000	-2.679715
15.320000	0.000000	0.419789
15.340000	0.000000	-2.485648
15.360000	0.000000	-1.774134
15.380000	0.000000	-1.007335
15.400000	0.000000	-1.364749
15.420000	0.000000	-1.083648
15.440000	0.000000	-1.387707
15.460000	0.000000	2.984185
15.480000	0.000000	-0.751952
15.500000	0.000000	-3.015866
15.520000	0.000000	1.019055
15.540000	0.000000	-2.079928
15.560000	0.000000	-2.768197
15.580000	0.000000	-1.752923
15.600000	0.000000	2.366628
15.620000	0.000000	-0.714750
15.640000	0.000000	2.476781
15.660000	0.000000	2.636666
15.680000	0.000000	-2.280357
15.700000	0.000000	0.696999
15.720000	0.000000	-0.757630
15.740000	0.000000	2.391784
15.760000	0.000000	0.339444
15.780000	0.000000	-3.094972
15.800000	0.000000	-0.221009
15.820000	0.000000	2.371366
15.840000	0.000000	0.978017
15.860000	0.000000	2.063601
15.880000	0.000000	-2.479933
15.900000	0.000000	0.534614
15.920000	0.000000	-0.841069
15.940000	0.000000	1.753347
15.960000	0.000000	-0.351531
15.980000	0.000000	-0.494242
16.000000	0.000000	0.000000
16.020000	0.000000	0.779061
16.040000	0.000000	0.665691
16.060000	0.000000	-2.729474
16.080000	0.000000	0.841069
16.100000	0.000000	-3.025732
16.120000	0.000000	0.377747
16.140000	0.000000	-1.718734
16.160000	0.000000	0.714026
16.180000	0.000000	-0.117140
16.200000	0.000000	1.443095
16.220000	0.000000	2.323209
16.240000	0.000000	2.108525
16.260000	0.000000	-1.674463
16.280000	0.000000	-1.743705
16.300000	0.000000	-2.521036
16.320000	0.000000	1.549569
16.340000	0.000000	-0.224184
16.360000	0.000000	2.611461
16.380000	0.000000	0.367281
16.400000	0.000000	-2.754838
16.420000	0.000000	2.507465
16.440000	0.000000	-0.578169
16.460000	0.000000	-2.719147
16.480000	0.000000	-1.530286
16.500000	0.000000	0.825331
16.520000	0.000000	2.652873
16.540000	0.000000	-0.164063
16.560000	0.000000	-2.811680
16.580000	0.000000	1.343740
16.600000	0.000000	-2.524457
16.620000	0.000000	0.672781
16.640000	0.000000	2.170639
16.660000	0.000000	-0.041576
16.680000	0.000000	0.876429
16.700000	0.000000	-2.517146
16.720000	0.000000	0.185159
16.740000	0.000000	-2.497286
16.760000	0.000000	1.522198
16.780000	0.000000	0.467297
16.800000	0.000000	0.921346
16.820000	0.000000	-1.734057
16.840000	0.000000	-0.171834
16.860000	0.000000	-2.453321
16.880000	0.000000	-2.330115
16.900000	0.000000	1.508320
16.920000	0.000000	-2.614182
16.940000	0.000000	2.021275
16.960000	0.000000	-1.567500
16.980000	0.000000	2.733407
17.000000	0.000000	-1.648165
17.020000	0.000000	0.963449
17.040000	0.000000	2.064685
17.060000	0.000000	0.865956
17.080000	0.000000	-2.730354
17.100000	0.000000	0.988037
17.120000	0.000000	-1.396467
17.140000	0.000000	2.130482
17.160000	0.000000	2.488228
17.180000	0.000000	-1.593926
17.200000	0.000000	1.604689
17.220000	0.000000	-0.953890
17.240000	0.000000	-3.032591
17.260000	0.000000	0.828267
17.280000	0.000000	-2.818245
17.300000	0.000000	0.390972
17.320000	0.000000	-1.787264
17.340000	0.000000	0.559897
17.360000	0.000000	1.372926
17.380000	0.000000	0.641051
17.400000	0.000000	-1.876965
17.420000	0.000000	-0.163072
17.440000	0.000000	-1.531037
17.460000	0.000000	3.034862
17.480000	0.000000	-1.912816
17.500000	0.000000	2.490919
17.520000	0.000000	1.405798
17.540000	0.000000	0.097344
17.560000	0.000000	-0.943193
17.580000	0.000000	-2.772546
17.600000	0.000000	-2.652743
17.620000	0.000000	-0.958837
17.640000	0.000000	-1.978094
17.660000	0.000000	-1.519305
17.680000	0.000000	1.532982
17.700000	0.000000	-0.531826
17.720000	0.000000	2.558231
17.740000	0.000000	-0.246252
17.760000	0.000000	0.636816
17.780000	0.000000	2.753449
17.800000	0.000000	-2.136930
17.820000	0.000000	0.209562
17.840000	0.000000	1.556346
17.860000	0.000000	-2.807978
17.880000	0.000000	-3.030195
17.900000	0.000000	-0.372899
17.920000	0.000000	-1.301734
17.940000	0.000000	1.104731
17.960000	0.000000	-1.147746
17.980000	0.000000	-0.737656
18.000000	0.000000	-2.827433
18.020000	0.000000	-2.028996
18.040000	0.000000	-3.130249
18.060000	0.000000	2.633391
18.080000	0.000000	1.826857
18.100000	0.000000	-1.262514
18.120000	0.000000	-2.509958
18.140000	0.000000	3.114683
18.160000	0.000000	0.526006
18.180000	0.000000	-1.832083
18.200000	0.000000	0.396116
18.220000	0.000000	1.676283
18.240000	0.000000	2.668297
18.260000	0.000000	2.462115
18.280000	0.000000	-1.598526
18.300000	0.000000	1.250087
18.320000	0.000000	-2.058208
18.340000	0.000000	-1.459639
18.360000	0.000000	2.757250
18.380000	0.000000	0.401047
18.400000	0.000000	-0.534393
18.420000	0.000000	1.438211
18.440000	0.000000	-1.131527
18.460000	0.000000	1.994388
18.480000	0.000000	-1.556147
18.500000	0.000000	1.691529
18.520000	0.000000	-0.747763
18.540000	0.000000	-1.686281
18.560000	0.000000	-1.651234
18.580000	0.000000	-1.733730
18.600000	0.000000	1.877172
18.620000	0.000000	0.119908
18.640000	0.000000	0.962543
18.660000	0.000000	0.350815
18.680000	0.000000	-1.446974
18.700000	0.000000	2.502963
18.720000	0.000000	-0.216513
18.740000	0.000000	1.688470
18.760000	0.000000	-2.338119
18.780000	0.000000	-0.045077
18.800000	0.000000	-1.659954
18.820000	0.000000	1.704191
18.840000	0.000000	-1.255048
18.860000	0.000000	1.190280
18.880000	0.000000	-1.724349
18.900000	0.000000	-2.383096
18.920000	0.000000	0.017649
18.940000	0.000000	-0.236041
18.960000	0.000000	2.620517
18.980000	0.000000	0.424864
19.000000	0.000000	-2.555851
19.020000	0.000000	2.066398
19.040000	0.000000	-0.727128
19.060000	0.000000	3.059036
19.080000	0.000000	2.971322
19.100000	0.000000	-1.199272
19.120000	0.000000	1.178070
19.140000	0.000000	2.309269
19.160000	0.000000	1.107708
19.180000	0.000000	0.645627
19.200000	0.000000	-1.607264
19.220000	0.000000	-1.463975
19.240000	0.000000	-1.947664
19.260000	0.000000	-0.205568
19.280000	0.000000	-1.664682
19.300000	0.000000	1.689682
19.320000	0.000000	-1.778099
19.340000	0.000000	1.656433
19.360000	0.000000	1.399022
19.380000	0.000000	-0.039630
19.400000	0.000000	-0.618614
19.420000	0.000000	-0.705126
19.440000	0.000000	-2.759296
19.460000	0.000000	2.391328
19.480000	0.000000	-0.191580
19.500000	0.000000	-2.981719
19.520000	0.000000	-1.980869
19.540000	0.000000	0.291521
19.560000	0.000000	-1.953939
19.580000	0.000000	-2.689468
19.600000	0.000000	-0.697369
19.620000	0.000000	1.458061
19.640000	0.000000	-0.557815
19.660000	0.000000	2.620896
19.680000	0.000000	1.225068
19.700000	0.000000	2.839156
19.720000	0.000000	0.722438
19.740000	0.000000	2.148698
19.760000	0.000000	-0.831238
19.780000	0.000000	0.020830
19.800000	0.000000	1.479100
19.820000	0.000000	-3.079174
19.840000	0.000000	1.438245
19.860000	0.000000	2.677945
19.880000	0.000000	2.819842
19.900000	0.000000	0.623199
19.920000	0.000000	1.249046
19.940000	0.000000	-0.000000
19.960000	0.000000	0.463648
19.980000	0.000000	0.165149
20.000000	0.000000	0.000000
