25.0000000000000000	0.0000000000000000
24.9750000000000014	0.0000000000000000
24.9500000000000028	0.0000000000000000
24.9250000000000007	0.0000000000000000
24.9000000000000021	0.0000000000000000
24.8750000000000000	0.0000000000000000
24.8500000000000014	0.0000000000000000
24.8250000000000028	0.0000000000000000
24.8000000000000007	0.0000000000000000
24.7750000000000021	0.0000000000000000
24.7500000000000000	0.0000000000000000
24.7250000000000014	0.0000000000000000
24.7000000000000028	0.0000000000000000
24.6750000000000007	0.0000000000000000
24.6500000000000021	0.0000000000000000
24.6250000000000000	0.0000000000000000
24.6000000000000014	0.0000000000000000
24.5750000000000028	0.0000000000000000
24.5500000000000007	0.0000000000000000
24.5250000000000021	0.0000000000000000
24.5000000000000000	0.0000000000000000
24.4750000000000014	0.0000000000000000
24.4500000000000028	0.0000000000000000
24.4250000000000007	0.0000000000000000
24.4000000000000021	0.0000000000000000
24.3750000000000000	0.0000000000000000
24.3500000000000014	0.0000000000000000
24.3250000000000028	0.0000000000000000
24.3000000000000007	0.0000000000000000
24.2750000000000021	0.0000000000000000
24.2500000000000000	0.0000000000000000
24.2250000000000014	0.0000000000000000
24.2000000000000028	0.0000000000000000
24.1750000000000007	0.0000000000000000
24.1500000000000021	0.0000000000000000
24.1250000000000000	0.0000000000000000
24.1000000000000014	0.0000000000000000
24.0750000000000028	0.0000000000000000
24.0500000000000007	0.0000000000000000
24.0250000000000021	0.0000000000000000
24.0000000000000000	0.0000000000000000
23.9750000000000014	0.0000000000000000
23.9500000000000028	0.0000000000000000
23.9250000000000007	0.0000000000000000
23.9000000000000021	0.0000000000000000
23.8750000000000000	0.0000000000000000
23.8500000000000014	0.0000000000000000
23.8250000000000028	0.0000000000000000
23.8000000000000007	0.0000000000000000
23.7750000000000021	0.0000000000000000
23.7500000000000000	0.0000000000000000
23.7250000000000014	0.0000000000000000
23.7000000000000028	0.0000000000000000
23.6750000000000007	0.0000000000000000
23.6500000000000021	0.0000000000000000
23.6250000000000000	0.0000000000000000
23.6000000000000014	0.0000000000000000
23.5750000000000028	0.0000000000000000
23.5500000000000007	0.0000000000000000
23.5250000000000021	0.0000000000000000
23.5000000000000000	0.0000000000000000
23.4750000000000014	0.0000000000000000
23.4500000000000028	0.0000000000000000
23.4250000000000007	0.0000000000000000
23.4000000000000021	0.0000000000000000
23.3750000000000000	0.0000000000000000
23.3500000000000014	0.0000000000000000
23.3250000000000028	0.0000000000000000
23.3000000000000007	0.0000000000000000
23.2750000000000021	0.0000000000000000
23.2500000000000000	0.0000000000000000
23.2250000000000014	0.0000000000000000
23.2000000000000028	0.0000000000000000
23.1750000000000007	0.0000000000000000
23.1500000000000021	0.0000000000000000
23.1250000000000000	0.0000000000000000
23.1000000000000014	0.0000000000000000
23.0750000000000028	0.0000000000000000
23.0500000000000007	0.0000000000000000
23.0250000000000021	0.0000000000000000
23.0000000000000000	0.0000000000000000
22.9750000000000014	0.0000000000000000
22.9500000000000028	0.0000000000000000
22.9250000000000007	0.0000000000000000
22.9000000000000021	0.0000000000000000
22.8750000000000000	0.0000000000000000
22.8500000000000014	0.0000000000000000
22.8250000000000028	0.0000000000000000
22.8000000000000007	0.0000000000000000
22.7750000000000021	0.0000000000000000
22.7500000000000000	0.0000000000000000
22.7250000000000014	0.0000000000000000
22.7000000000000028	0.0000000000000000
22.6750000000000007	0.0000000000000000
22.6500000000000021	0.0000000000000000
22.6250000000000000	0.0000000000000000
22.6000000000000014	0.0000000000000000
22.5750000000000028	0.0000000000000000
22.5500000000000007	0.0000000000000000
22.5250000000000021	0.0000000000000000
22.5000000000000000	0.0000000000000000
22.4750000000000014	0.0000000000000000
22.4500000000000028	0.0000000000000000
22.4250000000000007	0.0000000000000000
22.4000000000000021	0.0000000000000000
22.3750000000000000	0.0000000000000000
22.3500000000000014	0.0000000000000000
22.3250000000000028	0.0000000000000000
22.3000000000000007	0.0000000000000000
22.2750000000000021	0.0000000000000000
22.2500000000000000	0.0000000000000001
22.2250000000000014	0.0000000000000001
22.2000000000000028	0.0000000000000001
22.1750000000000007	0.0000000000000001
22.1500000000000021	0.0000000000000001
22.1250000000000000	0.0000000000000001
22.1000000000000014	0.0000000000000001
22.0750000000000028	0.0000000000000001
22.0500000000000007	0.0000000000000001
22.0250000000000021	0.0000000000000001
22.0000000000000000	0.0000000000000001
21.9750000000000014	0.0000000000000002
21.9500000000000028	0.0000000000000002
21.9250000000000007	0.0000000000000002
21.9000000000000021	0.0000000000000002
21.8750000000000000	0.0000000000000002
21.8500000000000014	0.0000000000000003
21.8250000000000028	0.0000000000000003
21.8000000000000007	0.0000000000000003
21.7750000000000021	0.0000000000000004
21.7500000000000000	0.0000000000000004
21.7250000000000014	0.0000000000000005
21.7000000000000028	0.0000000000000005
21.6750000000000007	0.0000000000000006
21.6500000000000021	0.0000000000000006
21.6250000000000000	0.0000000000000007
21.6000000000000014	0.0000000000000008
21.5750000000000028	0.0000000000000009
21.5500000000000007	0.0000000000000010
21.5250000000000021	0.0000000000000011
21.5000000000000000	0.0000000000000012
21.4750000000000014	0.0000000000000013
21.4500000000000028	0.0000000000000015
21.4250000000000007	0.0000000000000016
21.4000000000000021	0.0000000000000018
21.3750000000000000	0.0000000000000020
21.3500000000000014	0.0000000000000022
21.3250000000000028	0.0000000000000024
21.3000000000000007	0.0000000000000027
21.2750000000000021	0.0000000000000030
21.2500000000000000	0.0000000000000033
21.2250000000000014	0.0000000000000036
21.2000000000000028	0.0000000000000040
21.1750000000000007	0.0000000000000045
21.1500000000000021	0.0000000000000049
21.1250000000000000	0.0000000000000055
21.1000000000000014	0.0000000000000060
21.0750000000000028	0.0000000000000067
21.0500000000000007	0.0000000000000074
21.0250000000000021	0.0000000000000082
21.0000000000000000	0.0000000000000090
20.9750000000000014	0.0000000000000100
20.9500000000000028	0.0000000000000110
20.9250000000000007	0.0000000000000122
20.9000000000000021	0.0000000000000134
20.8750000000000000	0.0000000000000148
20.8500000000000014	0.0000000000000164
20.8250000000000028	0.0000000000000181
20.8000000000000007	0.0000000000000199
20.7750000000000021	0.0000000000000220
20.7500000000000000	0.0000000000000243
20.7250000000000014	0.0000000000000268
20.7000000000000028	0.0000000000000296
20.6750000000000007	0.0000000000000326
20.6500000000000021	0.0000000000000359
20.6250000000000000	0.0000000000000396
20.6000000000000014	0.0000000000000437
20.5750000000000028	0.0000000000000482
20.5500000000000007	0.0000000000000531
20.5250000000000021	0.0000000000000585
20.5000000000000000	0.0000000000000644
20.4750000000000014	0.0000000000000710
20.4500000000000028	0.0000000000000782
20.4250000000000007	0.0000000000000861
20.4000000000000021	0.0000000000000948
20.3750000000000000	0.0000000000001043
20.3500000000000014	0.0000000000001148
20.3250000000000028	0.0000000000001264
20.3000000000000007	0.0000000000001391
20.2750000000000021	0.0000000000001530
20.2500000000000000	0.0000000000001683
20.2250000000000014	0.0000000000001851
20.2000000000000028	0.0000000000002035
20.1750000000000007	0.0000000000002238
20.1500000000000021	0.0000000000002460
20.1250000000000000	0.0000000000002704
20.1000000000000014	0.0000000000002972
20.0750000000000028	0.0000000000003265
20.0500000000000007	0.0000000000003587
20.0250000000000021	0.0000000000003940
20.0000000000000000	0.0000000000004328
19.9750000000000014	0.0000000000004752
19.9500000000000028	0.0000000000005218
19.9250000000000007	0.0000000000005728
19.9000000000000021	0.0000000000006287
19.8750000000000000	0.0000000000006899
19.8500000000000014	0.0000000000007570
19.8250000000000028	0.0000000000008305
19.8000000000000007	0.0000000000009110
19.7750000000000021	0.0000000000009992
19.7500000000000000	0.0000000000010957
19.7250000000000014	0.0000000000012013
19.7000000000000028	0.0000000000013169
19.6750000000000007	0.0000000000014434
19.6500000000000021	0.0000000000015818
19.6250000000000000	0.0000000000017332
19.6000000000000014	0.0000000000018988
19.5750000000000028	0.0000000000020799
19.5500000000000007	0.0000000000022779
19.5250000000000021	0.0000000000024943
19.5000000000000000	0.0000000000027309
19.4750000000000014	0.0000000000029895
19.4500000000000028	0.0000000000032721
19.4250000000000007	0.0000000000035808
19.4000000000000021	0.0000000000039180
19.3750000000000000	0.0000000000042863
19.3500000000000014	0.0000000000046885
19.3250000000000028	0.0000000000051276
19.3000000000000007	0.0000000000056070
19.2750000000000021	0.0000000000061302
19.2500000000000000	0.0000000000067013
19.2250000000000014	0.0000000000073243
19.2000000000000028	0.0000000000080041
19.1750000000000007	0.0000000000087456
19.1500000000000021	0.0000000000095542
19.1250000000000000	0.0000000000104361
19.1000000000000014	0.0000000000113975
19.0749999999999993	0.0000000000124455
19.0500000000000007	0.0000000000135878
19.0250000000000021	0.0000000000148326
19.0000000000000000	0.0000000000161889
18.9750000000000014	0.0000000000176665
18.9499999999999993	0.0000000000192760
18.9250000000000007	0.0000000000210288
18.9000000000000021	0.0000000000229373
18.8750000000000000	0.0000000000250152
18.8500000000000014	0.0000000000272771
18.8249999999999993	0.0000000000297388
18.8000000000000007	0.0000000000324177
18.7750000000000021	0.0000000000353323
18.7500000000000000	0.0000000000385030
18.7250000000000014	0.0000000000419516
18.6999999999999993	0.0000000000457020
18.6750000000000007	0.0000000000497798
18.6500000000000021	0.0000000000542131
18.6250000000000000	0.0000000000590320
18.6000000000000014	0.0000000000642691
18.5749999999999993	0.0000000000699599
18.5500000000000007	0.0000000000761428
18.5250000000000021	0.0000000000828591
18.5000000000000000	0.0000000000901537
18.4750000000000014	0.0000000000980753
18.4499999999999993	0.0000000001066762
18.4250000000000007	0.0000000001160132
18.4000000000000021	0.0000000001261478
18.3750000000000000	0.0000000001371462
18.3500000000000014	0.0000000001490803
18.3249999999999993	0.0000000001620276
18.3000000000000007	0.0000000001760717
18.2750000000000021	0.0000000001913033
18.2500000000000000	0.0000000002078201
18.2250000000000014	0.0000000002257276
18.1999999999999993	0.0000000002451399
18.1750000000000007	0.0000000002661800
18.1500000000000021	0.0000000002889808
18.1250000000000000	0.0000000003136857
18.1000000000000014	0.0000000003404494
18.0749999999999993	0.0000000003694388
18.0500000000000007	0.0000000004008341
18.0250000000000021	0.0000000004348295
18.0000000000000000	0.0000000004716343
17.9750000000000014	0.0000000005114745
17.9499999999999993	0.0000000005545933
17.9250000000000007	0.0000000006012533
17.9000000000000021	0.0000000006517372
17.8750000000000000	0.0000000007063495
17.8500000000000014	0.0000000007654184
17.8249999999999993	0.0000000008292974
17.8000000000000007	0.0000000008983672
17.7750000000000021	0.0000000009730375
17.7500000000000000	0.0000000010537496
17.7250000000000014	0.0000000011409784
17.6999999999999993	0.0000000012352348
17.6750000000000007	0.0000000013370689
17.6500000000000021	0.0000000014470722
17.6250000000000000	0.0000000015658810
17.6000000000000014	0.0000000016941796
17.5749999999999993	0.0000000018327038
17.5500000000000007	0.0000000019822447
17.5250000000000021	0.0000000021436524
17.5000000000000000	0.0000000023178409
17.4750000000000014	0.0000000025057920
17.4499999999999993	0.0000000027085606
17.4250000000000007	0.0000000029272799
17.4000000000000021	0.0000000031631666
17.3750000000000000	0.0000000034175276
17.3500000000000014	0.0000000036917658
17.3249999999999993	0.0000000039873870
17.3000000000000007	0.0000000043060074
17.2750000000000021	0.0000000046493614
17.2500000000000000	0.0000000050193095
17.2250000000000014	0.0000000054178476
17.1999999999999993	0.0000000058471164
17.1750000000000007	0.0000000063094113
17.1500000000000021	0.0000000068071932
17.1250000000000000	0.0000000073431002
17.1000000000000014	0.0000000079199597
17.0749999999999993	0.0000000085408016
17.0500000000000007	0.0000000092088721
17.0250000000000021	0.0000000099276483
17.0000000000000000	0.0000000107008548
16.9750000000000014	0.0000000115324797
16.9499999999999993	0.0000000124267931
16.9250000000000007	0.0000000133883661
16.9000000000000021	0.0000000144220910
16.8750000000000000	0.0000000155332033
16.8500000000000014	0.0000000167273044
16.8249999999999993	0.0000000180103867
16.8000000000000007	0.0000000193888592
16.7750000000000021	0.0000000208695755
16.7500000000000000	0.0000000224598637
16.7250000000000014	0.0000000241675575
16.6999999999999993	0.0000000260010295
16.6750000000000007	0.0000000279692274
16.6500000000000021	0.0000000300817112
16.6250000000000000	0.0000000323486936
16.6000000000000014	0.0000000347810827
16.5749999999999993	0.0000000373905272
16.5500000000000007	0.0000000401894647
16.5250000000000021	0.0000000431911728
16.5000000000000000	0.0000000464098231
16.4750000000000014	0.0000000498605392
16.4499999999999993	0.0000000535594576
16.4250000000000007	0.0000000575237925
16.4000000000000021	0.0000000617719048
16.3750000000000000	0.0000000663233749
16.3500000000000014	0.0000000711990802
16.3249999999999993	0.0000000764212769
16.3000000000000007	0.0000000820136874
16.2750000000000021	0.0000000880015919
16.2500000000000000	0.0000000944119265
16.2250000000000014	0.0000001012733865
16.1999999999999993	0.0000001086165357
16.1750000000000007	0.0000001164739229
16.1500000000000021	0.0000001248802043
16.1250000000000000	0.0000001338722737
16.1000000000000014	0.0000001434894001
16.0749999999999993	0.0000001537733734
16.0500000000000007	0.0000001647686584
16.0250000000000021	0.0000001765225573
16.0000000000000000	0.0000001890853827
15.9750000000000014	0.0000002025106395
15.9500000000000011	0.0000002168552170
15.9250000000000007	0.0000002321795931
15.9000000000000004	0.0000002485480489
15.8750000000000000	0.0000002660288962
15.8500000000000014	0.0000002846947170
15.8250000000000011	0.0000003046226173
15.8000000000000007	0.0000003258944947
15.7750000000000004	0.0000003485973202
15.7500000000000000	0.0000003728234371
15.7250000000000014	0.0000003986708749
15.7000000000000011	0.0000004262436813
15.6750000000000007	0.0000004556522722
15.6500000000000004	0.0000004870138007
15.6250000000000000	0.0000005204525462
15.6000000000000014	0.0000005561003245
15.5750000000000011	0.0000005940969202
15.5500000000000007	0.0000006345905419
15.5250000000000004	0.0000006777383024
15.5000000000000000	0.0000007237067238
15.4750000000000014	0.0000007726722697
15.4500000000000011	0.0000008248219055
15.4250000000000007	0.0000008803536883
15.4000000000000004	0.0000009394773873
15.3750000000000000	0.0000010024151370
15.3500000000000014	0.0000010694021243
15.3250000000000011	0.0000011406873107
15.3000000000000007	0.0000012165341922
15.2750000000000004	0.0000012972215980
15.2500000000000000	0.0000013830445301
15.2250000000000014	0.0000014743150454
15.2000000000000011	0.0000015713631823
15.1750000000000007	0.0000016745379349
15.1500000000000004	0.0000017842082752
15.1250000000000000	0.0000019007642265
15.1000000000000014	0.0000020246179908
15.0750000000000011	0.0000021562051313
15.0500000000000007	0.0000022959858137
15.0250000000000004	0.0000024444461087
15.0000000000000000	0.0000026020993568
14.9750000000000014	0.0000027694876015
14.9500000000000011	0.0000029471830902
14.9250000000000007	0.0000031357898480
14.9000000000000004	0.0000033359453277
14.8750000000000000	0.0000035483221371
14.8500000000000014	0.0000037736298499
14.8250000000000011	0.0000040126169010
14.8000000000000007	0.0000042660725720
14.7750000000000004	0.0000045348290689
14.7500000000000000	0.0000048197636968
14.7250000000000014	0.0000051218011363
14.7000000000000011	0.0000054419158232
14.6750000000000007	0.0000057811344395
14.6500000000000004	0.0000061405385163
14.6250000000000000	0.0000065212671566
14.6000000000000014	0.0000069245198802
14.5750000000000011	0.0000073515595965
14.5500000000000007	0.0000078037157116
14.5250000000000004	0.0000082823873720
14.5000000000000000	0.0000087890468530
14.4750000000000014	0.0000093252430966
14.4500000000000011	0.0000098926054031
14.4250000000000007	0.0000104928472849
14.4000000000000004	0.0000111277704865
14.3750000000000000	0.0000117992691783
14.3500000000000014	0.0000125093343294
14.3250000000000011	0.0000132600582675
14.3000000000000007	0.0000140536394316
14.2750000000000004	0.0000148923873251
14.2500000000000000	0.0000157787276761
14.2250000000000014	0.0000167152078133
14.2000000000000011	0.0000177045022635
14.1750000000000007	0.0000187494185807
14.1500000000000004	0.0000198529034123
14.1250000000000000	0.0000210180488131
14.1000000000000014	0.0000222480988140
14.0750000000000011	0.0000235464562547
14.0500000000000007	0.0000249166898889
14.0250000000000004	0.0000263625417720
14.0000000000000000	0.0000278879349392
13.9750000000000014	0.0000294969813847
13.9500000000000011	0.0000311939903516
13.9250000000000007	0.0000329834769421
13.9000000000000004	0.0000348701710578
13.8750000000000000	0.0000368590266821
13.8500000000000014	0.0000389552315135
13.8250000000000011	0.0000411642169615
13.8000000000000007	0.0000434916685159
13.7750000000000004	0.0000459435365018
13.7500000000000000	0.0000485260472294
13.7250000000000014	0.0000512457145527
13.7000000000000011	0.0000541093518476
13.6750000000000007	0.0000571240844220
13.6500000000000004	0.0000602973623697
13.6250000000000000	0.0000636369738806
13.6000000000000014	0.0000671510590209
13.5750000000000011	0.0000708481239936
13.5500000000000007	0.0000747370558955
13.5250000000000004	0.0000788271379812
13.5000000000000000	0.0000831280654481
13.4750000000000014	0.0000876499617566
13.4500000000000011	0.0000924033954982
13.4250000000000007	0.0000973993978256
13.4000000000000004	0.0001026494804578
13.3750000000000000	0.0001081656542755
13.3500000000000014	0.0001139604485191
13.3250000000000011	0.0001200469306052
13.3000000000000007	0.0001264387265739
13.2750000000000004	0.0001331500421818
13.2500000000000000	0.0001401956846560
13.2250000000000014	0.0001475910851211
13.2000000000000011	0.0001553523217153
13.1750000000000007	0.0001634961434089
13.1500000000000004	0.0001720399945392
13.1250000000000000	0.0001810020400770
13.1000000000000014	0.0001904011916371
13.0750000000000011	0.0002002571342480
13.0500000000000007	0.0002105903538941
13.0250000000000004	0.0002214221658440
13.0000000000000000	0.0002327747437783
12.9750000000000014	0.0002446711497306
12.9500000000000011	0.0002571353648540
12.9250000000000007	0.0002701923210267
12.9000000000000004	0.0002838679333087
12.8750000000000000	0.0002981891332614
12.8500000000000014	0.0003131839031429
12.8250000000000011	0.0003288813109898
12.8000000000000007	0.0003453115465964
12.7750000000000004	0.0003625059584024
12.7500000000000000	0.0003804970912987
12.7250000000000014	0.0003993187253613
12.7000000000000011	0.0004190059155217
12.6750000000000007	0.0004395950321827
12.6500000000000004	0.0004611238027877
12.6250000000000000	0.0004836313543493
12.6000000000000014	0.0005071582569450
12.5750000000000011	0.0005317465681845
12.5500000000000007	0.0005574398786542
12.5250000000000004	0.0005842833583418
12.5000000000000000	0.0006123238040452
12.4750000000000014	0.0006416096877668
12.4500000000000011	0.0006721912060945
12.4250000000000007	0.0007041203305693
12.4000000000000004	0.0007374508590394
12.3750000000000000	0.0007722384679961
12.3500000000000014	0.0008085407658908
12.3250000000000011	0.0008464173474264
12.3000000000000007	0.0008859298488181
12.2750000000000004	0.0009271420040153
12.2500000000000000	0.0009701197018766
12.2250000000000014	0.0010149310442871
12.2000000000000011	0.0010616464052061
12.1750000000000007	0.0011103384906316
12.1500000000000004	0.0011610823994672
12.1250000000000000	0.0012139556852740
12.1000000000000014	0.0012690384188885
12.0750000000000011	0.0013264132518874
12.0500000000000007	0.0013861654808756
12.0250000000000004	0.0014483831125746
12.0000000000000000	0.0015131569296835
11.9750000000000014	0.0015805805574860
11.9500000000000011	0.0016507505311722
11.9250000000000007	0.0017237663638423
11.9000000000000004	0.0017997306151589
11.8750000000000000	0.0018787489606096
11.8500000000000014	0.0019609302613410
11.8250000000000011	0.0020463866345231
11.8000000000000007	0.0021352335241991
11.7750000000000004	0.0022275897725749
11.7500000000000000	0.0023235776916982
11.7250000000000014	0.0024233231354771
11.7000000000000011	0.0025269555719825
11.6750000000000007	0.0026346081559785
11.6500000000000004	0.0027464178016200
11.6250000000000000	0.0028625252552572
11.6000000000000014	0.0029830751682797
11.5750000000000011	0.0031082161699337
11.5500000000000007	0.0032381009400413
11.5250000000000004	0.0033728862815481
11.5000000000000000	0.0035127331928229
11.4750000000000014	0.0036578069396297
11.4500000000000011	0.0038082771266904
11.4250000000000007	0.0039643177687517
11.4000000000000004	0.0041261073610701
11.3750000000000000	0.0042938289492203
11.3500000000000014	0.0044676701981371
11.3250000000000011	0.0046478234602900
11.3000000000000007	0.0048344858428918
11.2750000000000004	0.0050278592740387
11.2500000000000000	0.0052281505676743
11.2250000000000014	0.0054355714872700
11.2000000000000011	0.0056503388081080
11.1750000000000007	0.0058726743780542
11.1500000000000004	0.0061028051767015
11.1250000000000000	0.0063409633727635
11.1000000000000014	0.0065873863795960
11.0750000000000011	0.0068423169087188
11.0500000000000007	0.0071060030212100
11.0250000000000004	0.0073786981768417
11.0000000000000000	0.0076606612808217
10.9750000000000014	0.0079521567280069
10.9500000000000011	0.0082534544444472
10.9250000000000007	0.0085648299261208
10.9000000000000004	0.0088865642747162
10.8750000000000000	0.0092189442303164
10.8500000000000014	0.0095622622008363
10.8250000000000011	0.0099168162880660
10.8000000000000007	0.0102829103101666
10.7750000000000004	0.0106608538204674
10.7500000000000000	0.0110509621224087
10.7250000000000014	0.0114535562804754
10.7000000000000011	0.0118689631269640
10.6750000000000007	0.0122975152644248
10.6500000000000004	0.0127395510636208
10.6250000000000000	0.0131954146568422
10.6000000000000014	0.0136654559264183
10.5750000000000011	0.0141500304882641
10.5500000000000007	0.0146494996703019
10.5250000000000004	0.0151642304855963
10.5000000000000000	0.0156945956000426
10.4750000000000014	0.0162409732944479
10.4500000000000011	0.0168037474208454
10.4250000000000007	0.0173833073528831
10.4000000000000004	0.0179800479301298
10.3750000000000000	0.0185943693961419
10.3500000000000014	0.0192266773301357
10.3250000000000011	0.0198773825721140
10.3000000000000007	0.0205469011412949
10.2750000000000004	0.0212356541476952
10.2500000000000000	0.0219440676967231
10.2250000000000014	0.0226725727866372
10.2000000000000011	0.0234216051987322
10.1750000000000007	0.0241916053801163
10.1500000000000004	0.0249830183189471
10.1250000000000000	0.0257962934119989
10.1000000000000014	0.0266318843244377
10.0750000000000011	0.0274902488416848
10.0500000000000007	0.0283718487132552
10.0250000000000004	0.0292771494884630
10.0000000000000000	0.0302066203438899
9.9750000000000014	0.0311607339025211
9.9500000000000011	0.0321399660444570
9.9250000000000007	0.0331447957091177
9.9000000000000004	0.0341757046888627
9.8750000000000000	0.0352331774139562
9.8500000000000014	0.0363177007288159
9.8250000000000011	0.0374297636594909
9.8000000000000007	0.0385698571723231
9.7750000000000004	0.0397384739237535
9.7500000000000000	0.0409361080012459
9.7250000000000014	0.0421632546553081
9.7000000000000011	0.0434204100226001
9.6750000000000007	0.0447080708401294
9.6500000000000004	0.0460267341505443
9.6250000000000000	0.0473768969985423
9.6000000000000014	0.0487590561184287
9.5750000000000011	0.0501737076128639
9.5500000000000007	0.0516213466228536
9.5250000000000004	0.0531024669890472
9.5000000000000000	0.0546175609044192
9.4749999999999996	0.0561671185584232
9.4500000000000011	0.0577516277727193
9.4250000000000007	0.0593715736285854
9.4000000000000004	0.0610274380861427
9.3750000000000000	0.0627196995955290
9.3499999999999996	0.0644488327001764
9.3250000000000011	0.0662153076323546
9.3000000000000007	0.0680195899011609
9.2750000000000004	0.0698621398731482
9.2500000000000000	0.0717434123457967
9.2249999999999996	0.0736638561140498
9.2000000000000011	0.0756239135301481
9.1750000000000007	0.0776240200570082
9.1500000000000004	0.0796646038154105
9.1250000000000000	0.0817460851252704
9.0999999999999996	0.0838688760412846
9.0750000000000011	0.0860333798832574
9.0500000000000007	0.0882399907614251
9.0250000000000004	0.0904890930971137
9.0000000000000000	0.0927810611390758
8.9749999999999996	0.0951162584758692
8.9500000000000011	0.0974950375446536
8.9250000000000007	0.0999177391367939
8.9000000000000004	0.1023846919006755
8.8750000000000000	0.1048962118421467
8.8499999999999996	0.1074526018230208
8.8250000000000011	0.1100541510580817
8.8000000000000007	0.1127011346110491
8.7750000000000004	0.1153938128899745
8.7500000000000000	0.1181324311425500
8.7249999999999996	0.1209172189518247
8.7000000000000011	0.1237483897328356
8.6750000000000007	0.1266261402306708
8.6500000000000004	0.1295506500204957
8.6250000000000000	0.1325220810100809
8.5999999999999996	0.1355405769453841
8.5750000000000011	0.1386062629197456
8.5500000000000007	0.1417192448872678
8.5250000000000004	0.1448796091809581
8.5000000000000000	0.1480874220362232
8.4749999999999996	0.1513427291203086
8.4500000000000011	0.1546455550682884
8.4250000000000007	0.1579959030262129
8.4000000000000004	0.1613937542020317
8.3750000000000000	0.1648390674249118
8.3499999999999996	0.1683317787135784
8.3250000000000011	0.1718718008543062
8.3000000000000007	0.1754590229891983
8.2750000000000004	0.1790933102153864
8.2500000000000000	0.1827745031957910
8.2249999999999996	0.1865024177820828
8.2000000000000011	0.1902768446504840
8.1750000000000007	0.1940975489510487
8.1500000000000004	0.1979642699710630
8.1250000000000000	0.2018767208131991
8.0999999999999996	0.2058345880890582
8.0750000000000011	0.2098375316287323
8.0500000000000007	0.2138851842070087
8.0250000000000004	0.2179771512868397
8.0000000000000000	0.2221130107806883
7.9750000000000005	0.2262923128303576
7.9500000000000002	0.2305145796059017
7.9250000000000007	0.2347793051242065
7.9000000000000004	0.2390859550878199
7.8750000000000000	0.2434339667445990
7.8500000000000005	0.2478227487687297
7.8250000000000002	0.2522516811636626
7.8000000000000007	0.2567201151874946
7.7750000000000004	0.2612273733013093
7.7500000000000000	0.2657727491409773
7.7250000000000005	0.2703555075128971
7.7000000000000002	0.2749748844141419
7.6750000000000007	0.2796300870774586
7.6500000000000004	0.2843202940415470
7.6250000000000000	0.2890446552470240
7.6000000000000005	0.2938022921584605
7.5750000000000002	0.2985922979128531
7.5500000000000007	0.3034137374948722
7.5250000000000004	0.3082656479392040
7.5000000000000000	0.3131470385602774
7.4750000000000005	0.3180568912096441
7.4500000000000002	0.3229941605612530
7.4250000000000007	0.3279577744248317
7.4000000000000004	0.3329466340875646
7.3750000000000000	0.3379596146842208
7.3500000000000005	0.3429955655958656
7.3250000000000002	0.3480533108772522
7.3000000000000007	0.3531316497129637
7.2750000000000004	0.3582293569023422
7.2500000000000000	0.3633451833732136
7.2250000000000005	0.3684778567243800
7.2000000000000002	0.3736260817968231
7.1750000000000007	0.3787885412735274
7.1500000000000004	0.3839638963077993
7.1250000000000000	0.3891507871799204
7.1000000000000005	0.3943478339819470
7.0750000000000002	0.3995536373304255
7.0500000000000007	0.4047667791067631
7.0250000000000004	0.4099858232249566
7.0000000000000000	0.4152093164263482
6.9750000000000005	0.4204357891010390
6.9500000000000002	0.4256637561355608
6.9250000000000007	0.4308917177863656
6.9000000000000004	0.4361181605786594
6.8750000000000000	0.4413415582300748
6.8500000000000005	0.4465603725986332
6.8250000000000002	0.4517730546544236
6.8000000000000007	0.4569780454743776
6.7750000000000004	0.4621737772594982
6.7500000000000000	0.4673586743738549
6.7250000000000005	0.4725311544046312
6.7000000000000002	0.4776896292424717
6.6750000000000007	0.4828325061813466
6.6500000000000004	0.4879581890371180
6.6250000000000000	0.4930650792839579
6.6000000000000005	0.4981515772077382
6.5750000000000002	0.5032160830754852
6.5500000000000007	0.5082569983199524
6.5250000000000004	0.5132727267383472
6.5000000000000000	0.5182616757042079
6.4750000000000005	0.5232222573914077
6.4500000000000002	0.5281528900092308
6.4250000000000007	0.5330519990474413
6.4000000000000004	0.5379180185302412
6.3750000000000000	0.5427493922779888
6.3500000000000005	0.5475445751755261
6.3250000000000002	0.5523020344459436
6.3000000000000007	0.5570202509285863
6.2750000000000004	0.5616977203600916
6.2500000000000000	0.5663329546572246
6.2250000000000005	0.5709244832002641
6.2000000000000002	0.5754708541156764
6.1750000000000007	0.5799706355567964
6.1500000000000004	0.5844224169812279
6.1250000000000000	0.5888248104236558
6.1000000000000005	0.5931764517627643
6.0750000000000002	0.5974760019809331
6.0500000000000007	0.6017221484153846
6.0250000000000004	0.6059136059994504
6.0000000000000000	0.6100491184926150
5.9750000000000005	0.6141274596979955
5.9500000000000002	0.6181474346659181
5.9250000000000007	0.6221078808822434
5.9000000000000004	0.6260076694401072
5.8750000000000000	0.6298457061937329
5.8500000000000005	0.6336209328929916
5.8250000000000002	0.6373323282973793
5.8000000000000007	0.6409789092680974
5.7750000000000004	0.6445597318369334
5.7500000000000000	0.6480738922506403
5.7250000000000005	0.6515205279895412
5.7000000000000002	0.6548988187590876
5.6750000000000007	0.6582079874531247
5.6500000000000004	0.6614473010876298
5.6250000000000000	0.6646160717037138
5.6000000000000005	0.6677136572386937
5.5750000000000002	0.6707394623640678
5.5500000000000007	0.6736929392892532
5.5250000000000004	0.6765735885299625
5.5000000000000000	0.6793809596401342
5.4750000000000005	0.6821146519063532
5.4500000000000002	0.6847743150037291
5.4250000000000007	0.6873596496122352
5.4000000000000004	0.6898704079925401
5.3750000000000000	0.6923063945204001
5.3500000000000005	0.6946674661787162
5.3250000000000002	0.6969535330063970
5.3000000000000007	0.6991645585032064
5.2750000000000004	0.7013005599898149
5.2500000000000000	0.7033616089223125
5.2250000000000005	0.7053478311604882
5.2000000000000002	0.7072594071892158
5.1750000000000007	0.7090965722923368
5.1500000000000004	0.7108596166784736
5.1250000000000000	0.7125488855582499
5.1000000000000005	0.7141647791724470
5.0750000000000002	0.7157077527706678
5.0500000000000007	0.7171783165401289
5.0250000000000004	0.7185770354842560
5.0000000000000000	0.7199045292507988
4.9750000000000005	0.7211614719092407
4.9500000000000002	0.7223485916773220
4.9250000000000007	0.7234666705965542
4.9000000000000004	0.7245165441566486
4.8750000000000000	0.7254991008688380
4.8500000000000005	0.7264152817881255
4.8250000000000002	0.7272660799845384
4.8000000000000007	0.7280525399635301
4.7750000000000004	0.7287757570357197
4.7500000000000000	0.7294368766362095
4.7250000000000005	0.7300370935937832
4.7000000000000002	0.7305776513503326
4.6749999999999998	0.7310598411309169
4.6500000000000004	0.7314850010649164
4.6250000000000000	0.7318545152587849
4.6000000000000005	0.7321698128209692
4.5750000000000002	0.7324323668396097
4.5499999999999998	0.7326436933136895
4.5250000000000004	0.7328053500383512
4.5000000000000000	0.7329189354451527
4.4750000000000005	0.7329860873980801
4.4500000000000002	0.7330084819461929
4.4249999999999998	0.7329878320338152
4.4000000000000004	0.7329258861692456
4.3750000000000000	0.7328244270529974
4.3500000000000005	0.7326852701666353
4.3250000000000002	0.7325102623233125
4.2999999999999998	0.7323012801811634
4.2750000000000004	0.7320602287207475
4.2500000000000000	0.7317890396877833
4.2250000000000005	0.7314896700024536
4.2000000000000002	0.7311641001366036
4.1749999999999998	0.7308143324601893
4.1500000000000004	0.7304423895583808
4.1250000000000000	0.7300503125207465
4.1000000000000005	0.7296401592039955
4.0750000000000002	0.7292140024697814
4.0499999999999998	0.7287739283990980
4.0250000000000004	0.7283220344848428
4.0000000000000000	0.7278604278041391
3.9750000000000001	0.7273912231720427
3.9500000000000002	0.7269165412782878
3.9250000000000003	0.7264385068087421
3.9000000000000004	0.7259592465532765
3.8750000000000000	0.7254808875017641
3.8500000000000001	0.7250055549299534
3.8250000000000002	0.7245353704769706
3.8000000000000003	0.7240724502162267
3.7750000000000004	0.7236189027215201
3.7500000000000000	0.7231768271301332
3.7250000000000001	0.7227483112047389
3.7000000000000002	0.7223354293959360
3.6750000000000003	0.7219402409072460
3.6500000000000004	0.7215647877644020
3.6250000000000000	0.7212110928907729
3.6000000000000001	0.7208811581907577
3.5750000000000002	0.7205769626429929
3.5500000000000003	0.7203004604052115
3.5250000000000004	0.7200535789325854
3.5000000000000000	0.7198382171113815
3.4750000000000001	0.7196562434097513
3.4500000000000002	0.7195094940474660
3.4250000000000003	0.7193997711863961
3.4000000000000004	0.7193288411435252
3.3750000000000000	0.7192984326282655
3.3500000000000001	0.7193102350058350
3.3250000000000002	0.7193658965884268
3.3000000000000003	0.7194670229558943
3.2750000000000004	0.7196151753076376
3.2500000000000000	0.7198118688473677
3.2250000000000001	0.7200585712023861
3.2000000000000002	0.7203567008790019
3.1750000000000003	0.7207076257556693
3.1500000000000004	0.7211126616154028
3.1250000000000000	0.7215730707189942
3.1000000000000001	0.7220900604205208
3.0750000000000002	0.7226647818265948
3.0500000000000003	0.7232983285007766
3.0250000000000004	0.7239917352145214
3.0000000000000000	0.7247459767460029
2.9750000000000001	0.7255619667281030
2.9500000000000002	0.7264405565468209
2.9250000000000003	0.7273825342913119
2.9000000000000004	0.7283886237567093
2.8750000000000000	0.7294594835008494
2.8500000000000001	0.7305957059559596
2.8250000000000002	0.7317978165963266
2.8000000000000003	0.7330662731629067
2.7750000000000004	0.7344014649457923
2.7500000000000000	0.7358037121253884
2.7250000000000001	0.7372732651731074
2.7000000000000002	0.7388103043123283
2.6750000000000003	0.7404149390403124
2.6500000000000004	0.7420872077117137
2.6250000000000000	0.7438270771842572
2.6000000000000001	0.7456344425271076
2.5750000000000002	0.7475091267923863
2.5500000000000003	0.7494508808502351
2.5250000000000004	0.7514593832877690
2.5000000000000000	0.7535342403721905
2.4750000000000001	0.7556749860782876
2.4500000000000002	0.7578810821804643
2.4250000000000003	0.7601519184093979
2.4000000000000004	0.7624868126733541
2.3750000000000000	0.7648850113441215
2.3500000000000001	0.7673456896074732
2.3250000000000002	0.7698679518779925
2.3000000000000003	0.7724508322780419
2.2749999999999999	0.7750932951805886
2.2500000000000000	0.7777942358155354
2.2250000000000001	0.7805524809391494
2.2000000000000002	0.7833667895661074
2.1750000000000003	0.7862358537636287
2.1499999999999999	0.7891582995070894
2.1250000000000000	0.7921326875964614
2.1000000000000001	0.7951575146328536
2.0750000000000002	0.7982312140543733
2.0500000000000003	0.8013521572304656
2.0249999999999999	0.8045186546138292
2.0000000000000000	0.8077289569489501
1.9750000000000001	0.8109812565362335
1.9500000000000002	0.8142736885506647
1.9250000000000000	0.8176043324138620
1.9000000000000001	0.8209712132183441
1.8750000000000000	0.8243723032027689
1.8500000000000001	0.8278055232768541
1.8250000000000002	0.8312687445946386
1.8000000000000000	0.8347597901746902
1.7750000000000001	0.8382764365658182
1.7500000000000000	0.8418164155568050
1.7250000000000001	0.8453774159286186
1.7000000000000002	0.8489570852475273
1.6750000000000000	0.8525530316974950
1.6500000000000001	0.8561628259501932
1.6250000000000000	0.8597840030709267
1.6000000000000001	0.8634140644587267
1.5750000000000002	0.8670504798188403
1.5500000000000000	0.8706906891657987
1.5250000000000001	0.8743321048552196
1.5000000000000000	0.8779721136424679
1.4750000000000001	0.8816080787662691
1.4500000000000002	0.8852373420553448
1.4250000000000000	0.8888572260561083
1.4000000000000001	0.8924650361794461
1.3750000000000000	0.8960580628645787
1.3500000000000001	0.8996335837579827
1.3250000000000002	0.9031888659053396
1.3000000000000000	0.9067211679544541
1.2750000000000001	0.9102277423670839
1.2500000000000000	0.9137058376376029
1.2250000000000001	0.9171527005164172
1.2000000000000002	0.9205655782360463
1.1750000000000000	0.9239417207377767
1.1500000000000001	0.9272783828967947
1.1250000000000000	0.9305728267437093
1.1000000000000001	0.9338223236803723
1.0750000000000000	0.9370241566879157
1.0500000000000000	0.9401756225249286
1.0250000000000001	0.9432740339137093
1.0000000000000000	0.9463167217125381
0.9750000000000001	0.9493010370719328
0.9500000000000001	0.9522243535728643
0.9250000000000000	0.9550840693449286
0.9000000000000000	0.9578776091624943
0.8750000000000000	0.9606024265168642
0.8500000000000001	0.9632560056625227
0.8250000000000001	0.9658358636355560
0.8000000000000000	0.9683395522423759
0.7750000000000000	0.9707646600169005
0.7500000000000000	0.9731088141443787
0.7250000000000001	0.9753696823500893
0.7000000000000001	0.9775449747511752
0.6750000000000000	0.9796324456699138
0.6500000000000000	0.9816298954067725
0.6250000000000000	0.9835351719716356
0.6000000000000001	0.9853461727716354
0.5750000000000001	0.9870608462540682
0.5500000000000000	0.9886771935029253
0.5250000000000000	0.9901932697876169
0.5000000000000000	0.9916071860625212
0.4750000000000000	0.9929171104160422
0.4500000000000000	0.9941212694679162
0.4250000000000000	0.9952179497135607
0.4000000000000000	0.9962054988143211
0.3750000000000000	0.9970823268325238
0.3500000000000000	0.9978469074103080
0.3250000000000000	0.9984977788912686
0.3000000000000000	0.9990335453840031
0.2750000000000000	0.9994528777667201
0.2500000000000000	0.9997545146321278
0.2250000000000000	0.9999372631718904
0.2000000000000000	1.0000000000000000
0.1750000000000000	0.9999416719144786
0.1500000000000000	0.9997612965968968
0.1250000000000000	0.9994579632492503
0.1000000000000000	0.9990308331678184
0.0750000000000000	0.9984791402536808
0.0500000000000000	0.9978021914596458
0.0250000000000000	0.9969993671734095
0.0000000000000000	0.9960701215368296
-0.0250000000000000	0.9950139827012675
-0.0500000000000000	0.9938305530190227
-0.0750000000000000	0.9925195091709434
-0.1000000000000000	0.9910806022303712
-0.1250000000000000	0.9895136576636415
-0.1500000000000000	0.9878185752674266
-0.1750000000000000	0.9859953290432741
-0.2000000000000000	0.9840439670097610
-0.2250000000000000	0.9819646109527427
-0.2500000000000000	0.9797574561142439
-0.2750000000000000	0.9774227708205995
-0.3000000000000000	0.9749608960505137
-0.3250000000000000	0.9723722449437674
-0.3500000000000000	0.9696573022513623
-0.3750000000000000	0.9668166237279499
-0.4000000000000000	0.9638508354674469
-0.4250000000000000	0.9607606331827997
-0.4500000000000000	0.9575467814309068
-0.4750000000000000	0.9542101127837692
-0.5000000000000000	0.9507515269469837
-0.5250000000000000	0.9471719898267463
-0.5500000000000000	0.9434725325465807
-0.5750000000000001	0.9396542504150502
-0.6000000000000001	0.9357183018457634
-0.6250000000000000	0.9316659072310151
-0.6500000000000000	0.9274983477704564
-0.6750000000000000	0.9232169642562178
-0.7000000000000001	0.9188231558159538
-0.7250000000000001	0.9143183786153035
-0.7500000000000000	0.9097041445213055
-0.7750000000000000	0.9049820197283266
-0.8000000000000000	0.9001536233480989
-0.8250000000000001	0.8952206259654842
-0.8500000000000001	0.8901847481616106
-0.8750000000000000	0.8850477590060468
-0.9000000000000000	0.8798114745197022
-0.9250000000000000	0.8744777561101600
-0.9500000000000001	0.8690485089811611
-0.9750000000000001	0.8635256805179786
-1.0000000000000000	0.8579112586504274
-1.0250000000000001	0.8522072701952679
-1.0500000000000000	0.8464157791797675
-1.0750000000000000	0.8405388851481880
-1.1000000000000001	0.8345787214529747
-1.1250000000000000	0.8285374535324193
-1.1500000000000001	0.8224172771765669
-1.1750000000000000	0.8162204167831404
-1.2000000000000002	0.8099491236052433
-1.2250000000000001	0.8036056739925960
-1.2500000000000000	0.7971923676280548
-1.2750000000000001	0.7907115257611473
-1.3000000000000000	0.7841654894403449
-1.3250000000000002	0.7775566177457790
-1.3500000000000001	0.7708872860240894
-1.3750000000000000	0.7641598841270738
-1.4000000000000001	0.7573768146557868
-1.4250000000000000	0.7505404912117113
-1.4500000000000002	0.7436533366566065
-1.4750000000000001	0.7367177813826037
-1.5000000000000000	0.7297362615940957
-1.5250000000000001	0.7227112176029395
-1.5500000000000000	0.7156450921384540
-1.5750000000000002	0.7085403286736661
-1.6000000000000001	0.7013993697692297
-1.6250000000000000	0.6942246554363900
-1.6500000000000001	0.6870186215203531
-1.6750000000000000	0.6797836981053588
-1.7000000000000002	0.6725223079427346
-1.7250000000000001	0.6652368649031571
-1.7500000000000000	0.6579297724543094
-1.7750000000000001	0.6506034221650842
-1.8000000000000000	0.6432601922374338
-1.8250000000000002	0.6359024460669289
-1.8500000000000001	0.6285325308330394
-1.8750000000000000	0.6211527761201097
-1.9000000000000001	0.6137654925699534
-1.9250000000000000	0.6063729705669409
-1.9500000000000002	0.5989774789564173
-1.9750000000000001	0.5915812637972288
-2.0000000000000000	0.5841865471490968
-2.0249999999999999	0.5767955258955277
-2.0500000000000003	0.5694103706028965
-2.0750000000000002	0.5620332244162981
-2.1000000000000001	0.5546662019927090
-2.1250000000000000	0.5473113884719543
-2.1499999999999999	0.5399708384859261
-2.1750000000000003	0.5326465752064549
-2.2000000000000002	0.5253405894321808
-2.2250000000000001	0.5180548387147305
-2.2500000000000000	0.5107912465244563
-2.2749999999999999	0.5035517014559413
-2.3000000000000003	0.4963380564734394
-2.3250000000000002	0.4891521281963605
-2.3500000000000001	0.4819956962248765
-2.3750000000000000	0.4748705025056693
-2.4000000000000004	0.4677782507378047
-2.4250000000000003	0.4607206058186709
-2.4500000000000002	0.4536991933298740
-2.4750000000000001	0.4467155990629465
-2.5000000000000000	0.4397713685846785
-2.5250000000000004	0.4328680068418443
-2.5500000000000003	0.4260069778050585
-2.5750000000000002	0.4191897041514515
-2.6000000000000001	0.4124175669858262
-2.6250000000000000	0.4056919055999116
-2.6500000000000004	0.3990140172693022
-2.6750000000000003	0.3923851570876329
-2.7000000000000002	0.3858065378375061
-2.7250000000000001	0.3792793298976605
-2.7500000000000000	0.3728046611858339
-2.7750000000000004	0.3663836171367484
-2.8000000000000003	0.3600172407146152
-2.8250000000000002	0.3537065324595303
-2.8500000000000001	0.3474524505671062
-2.8750000000000000	0.3412559110006604
-2.9000000000000004	0.3351177876352591
-2.9250000000000003	0.3290389124328910
-2.9500000000000002	0.3230200756480274
-2.9750000000000001	0.3170620260628044
-3.0000000000000000	0.3111654712510443
-3.0250000000000004	0.3053310778703191
-3.0500000000000003	0.2995594719812422
-3.0750000000000002	0.2938512393931582
-3.1000000000000001	0.2882069260353928
-3.1250000000000000	0.2826270383532086
-3.1500000000000004	0.2771120437276055
-3.1750000000000003	0.2716623709180937
-3.2000000000000002	0.2662784105275611
-3.2250000000000001	0.2609605154883488
-3.2500000000000000	0.2557090015686447
-3.2750000000000004	0.2505241478983000
-3.3000000000000003	0.2454061975131720
-3.3250000000000002	0.2403553579170934
-3.3500000000000001	0.2353718016605686
-3.3750000000000000	0.2304556669352986
-3.4000000000000004	0.2256070581836364
-3.4250000000000003	0.2208260467220796
-3.4500000000000002	0.2161126713779082
-3.4750000000000001	0.2114669391380840
-3.5000000000000000	0.2068888258095286
-3.5250000000000004	0.2023782766899105
-3.5500000000000003	0.1979352072480735
-3.5750000000000002	0.1935595038132508
-3.6000000000000001	0.1892510242722173
-3.6250000000000000	0.1850095987735440
-3.6500000000000004	0.1808350304381276
-3.6750000000000003	0.1767270960751833
-3.7000000000000002	0.1726855469028984
-3.7250000000000001	0.1687101092729595
-3.7500000000000000	0.1648004853981802
-3.7750000000000004	0.1609563540824691
-3.8000000000000003	0.1571773714523954
-3.8250000000000002	0.1534631716896244
-3.8500000000000001	0.1498133677635106
-3.8750000000000000	0.1462275521631529
-3.9000000000000004	0.1427052976282373
-3.9250000000000003	0.1392461578780043
-3.9500000000000002	0.1358496683377012
-3.9750000000000001	0.1325153468618957
-4.0000000000000000	0.1292426944540459
-4.0250000000000004	0.1260311959817426
-4.0499999999999998	0.1228803208870566
-4.0750000000000002	0.1197895238914448
-4.1000000000000005	0.1167582456946899
-4.1250000000000000	0.1137859136673633
-4.1500000000000004	0.1108719425363293
-4.1749999999999998	0.1080157350628181
-4.2000000000000002	0.1052166827126254
-4.2250000000000005	0.1024741663180108
-4.2500000000000000	0.0997875567308863
-4.2750000000000004	0.0971562154669135
-4.2999999999999998	0.0945794953401380
-4.3250000000000002	0.0920567410878192
-4.3500000000000005	0.0895872899851271
-4.3750000000000000	0.0871704724494006
-4.4000000000000004	0.0848056126336804
-4.4249999999999998	0.0824920290092487
-4.4500000000000002	0.0802290349369287
-4.4750000000000005	0.0780159392269144
-4.5000000000000000	0.0758520466869197
-4.5250000000000004	0.0737366586584575
-4.5499999999999998	0.0716690735410731
-4.5750000000000002	0.0696485873043768
-4.6000000000000005	0.0676744939877397
-4.6250000000000000	0.0657460861875309
-4.6500000000000004	0.0638626555317920
-4.6749999999999998	0.0620234931422646
-4.7000000000000002	0.0602278900836967
-4.7250000000000005	0.0584751378003776
-4.7500000000000000	0.0567645285398578
-4.7750000000000004	0.0550953557638331
-4.8000000000000007	0.0534669145461821
-4.8250000000000002	0.0518785019581617
-4.8500000000000005	0.0503294174407797
-4.8750000000000000	0.0488189631643772
-4.9000000000000004	0.0473464443754637
-4.9250000000000007	0.0459111697308655
-4.9500000000000002	0.0445124516192536
-4.9750000000000005	0.0431496064701353
-5.0000000000000000	0.0418219550503995
-5.0250000000000004	0.0405288227485204
-5.0500000000000007	0.0392695398465312
-5.0750000000000002	0.0380434417798931
-5.1000000000000005	0.0368498693853892
-5.1250000000000000	0.0356881691371875
-5.1500000000000004	0.0345576933712198
-5.1750000000000007	0.0334578004980365
-5.2000000000000002	0.0323878552043015
-5.2250000000000005	0.0313472286430988
-5.2500000000000000	0.0303352986132308
-5.2750000000000004	0.0293514497276933
-5.3000000000000007	0.0283950735715173
-5.3250000000000002	0.0274655688491740
-5.3500000000000005	0.0265623415217458
-5.3750000000000000	0.0256848049340662
-5.4000000000000004	0.0248323799320405
-5.4250000000000007	0.0240044949703611
-5.4500000000000002	0.0232005862108321
-5.4750000000000005	0.0224200976115258
-5.5000000000000000	0.0216624810069914
-5.5250000000000004	0.0209271961797421
-5.5500000000000007	0.0202137109232463
-5.5750000000000002	0.0195215010966513
-5.6000000000000005	0.0188500506714691
-5.6250000000000000	0.0181988517704538
-5.6500000000000004	0.0175674046989026
-5.6750000000000007	0.0169552179686099
-5.7000000000000002	0.0163618083147063
-5.7250000000000005	0.0157867007056140
-5.7500000000000000	0.0152294283463468
-5.7750000000000004	0.0146895326753855
-5.8000000000000007	0.0141665633553561
-5.8250000000000002	0.0136600782577381
-5.8500000000000005	0.0131696434418270
-5.8750000000000000	0.0126948331281759
-5.9000000000000004	0.0122352296667366
-5.9250000000000007	0.0117904234999192
-5.9500000000000002	0.0113600131207877
-5.9750000000000005	0.0109436050266053
-6.0000000000000000	0.0105408136679406
-6.0250000000000004	0.0101512613935442
-6.0500000000000007	0.0097745783911991
-6.0750000000000002	0.0094104026247502
-6.1000000000000005	0.0090583797675079
-6.1250000000000000	0.0087181631322254
-6.1500000000000004	0.0083894135978378
-6.1750000000000007	0.0080717995331537
-6.2000000000000002	0.0077649967176827
-6.2250000000000005	0.0074686882597794
-6.2500000000000000	0.0071825645122804
-6.2750000000000004	0.0069063229858075
-6.3000000000000007	0.0066396682599052
-6.3250000000000002	0.0063823118921770
-6.3500000000000005	0.0061339723255805
-6.3750000000000000	0.0058943747940385
-6.4000000000000004	0.0056632512265167
-6.4250000000000007	0.0054403401497162
-6.4500000000000002	0.0052253865895240
-6.4750000000000005	0.0050181419713615
-6.5000000000000000	0.0048183640195640
-6.5250000000000004	0.0046258166559236
-6.5500000000000007	0.0044402698975211
-6.5750000000000002	0.0042614997539677
-6.6000000000000005	0.0040892881241771
-6.6250000000000000	0.0039234226927790
-6.6500000000000004	0.0037636968262844
-6.6750000000000007	0.0036099094691084
-6.7000000000000002	0.0034618650395510
-6.7250000000000005	0.0033193733258337
-6.7500000000000000	0.0031822493822840
-6.7750000000000004	0.0030503134257581
-6.8000000000000007	0.0029233907323861
-6.8250000000000002	0.0028013115347217
-6.8500000000000005	0.0026839109193740
-6.8750000000000000	0.0025710287251939
-6.9000000000000004	0.0024625094420879
-6.9250000000000007	0.0023582021105228
-6.9500000000000002	0.0022579602217871
-6.9750000000000005	0.0021616416190665
-7.0000000000000000	0.0020691083993911
-7.0250000000000004	0.0019802268165066
-7.0500000000000007	0.0018948671847192
-7.0750000000000002	0.0018129037837603
-7.1000000000000005	0.0017342147647159
-7.1250000000000000	0.0016586820570584
-7.1500000000000004	0.0015861912768212
-7.1750000000000007	0.0015166316359489
-7.2000000000000002	0.0014498958528546
-7.2250000000000005	0.0013858800642159
-7.2500000000000000	0.0013244837380335
-7.2750000000000004	0.0012656095879774
-7.3000000000000007	0.0012091634890432
-7.3250000000000002	0.0011550543945369
-7.3500000000000005	0.0011031942544046
-7.3750000000000000	0.0010534979349238
-7.4000000000000004	0.0010058831397670
-7.4250000000000007	0.0009602703324494
-7.4500000000000002	0.0009165826601691
-7.4750000000000005	0.0008747458790466
-7.5000000000000000	0.0008346882807685
-7.5250000000000004	0.0007963406206392
-7.5500000000000007	0.0007596360470413
-7.5750000000000002	0.0007245100323059
-7.6000000000000005	0.0006909003049902
-7.6250000000000000	0.0006587467835603
-7.6500000000000004	0.0006279915114750
-7.6750000000000007	0.0005985785936641
-7.7000000000000002	0.0005704541343959
-7.7250000000000005	0.0005435661765241
-7.7500000000000000	0.0005178646421072
-7.7750000000000004	0.0004933012743881
-7.8000000000000007	0.0004698295811248
-7.8250000000000002	0.0004474047792585
-7.8500000000000005	0.0004259837409077
-7.8750000000000000	0.0004055249406738
-7.9000000000000004	0.0003859884042439
-7.9250000000000007	0.0003673356582759
-7.9500000000000002	0.0003495296815499
-7.9750000000000005	0.0003325348573701
-8.0000000000000000	0.0003163169271996
-8.0250000000000004	0.0003008429455112
-8.0500000000000007	0.0002860812358364
-8.0750000000000011	0.0002720013479935
-8.0999999999999996	0.0002585740164780
-8.1250000000000000	0.0002457711199944
-8.1500000000000004	0.0002335656421111
-8.1750000000000007	0.0002219316330192
-8.2000000000000011	0.0002108441723749
-8.2249999999999996	0.0002002793332060
-8.2500000000000000	0.0001902141468623
-8.2750000000000004	0.0001806265689900
-8.3000000000000007	0.0001714954465094
-8.3250000000000011	0.0001628004855764
-8.3499999999999996	0.0001545222205067
-8.3750000000000000	0.0001466419836431
-8.4000000000000004	0.0001391418761453
-8.4250000000000007	0.0001320047396815
-8.4500000000000011	0.0001252141290025
-8.4749999999999996	0.0001187542853781
-8.5000000000000000	0.0001126101108749
-8.5250000000000004	0.0001067671434573
-8.5500000000000007	0.0001012115328897
-8.5750000000000011	0.0000959300174232
-8.5999999999999996	0.0000909099012452
-8.6250000000000000	0.0000861390326737
-8.6500000000000004	0.0000816057830769
-8.6750000000000007	0.0000772990265006
-8.7000000000000011	0.0000732081199828
-8.7249999999999996	0.0000693228845389
-8.7500000000000000	0.0000656335867996
-8.7750000000000004	0.0000621309212819
-8.8000000000000007	0.0000588059932780
-8.8250000000000011	0.0000556503023432
-8.8499999999999996	0.0000526557263668
-8.8750000000000000	0.0000498145062090
-8.9000000000000004	0.0000471192308873
-8.9250000000000007	0.0000445628232967
-8.9500000000000011	0.0000421385264476
-8.9749999999999996	0.0000398398902063
-9.0000000000000000	0.0000376607585220
-9.0250000000000004	0.0000355952571275
-9.0500000000000007	0.0000336377816960
-9.0750000000000011	0.0000317829864430
-9.0999999999999996	0.0000300257731567
-9.1250000000000000	0.0000283612806448
-9.1500000000000004	0.0000267848745842
-9.1750000000000007	0.0000252921377600
-9.2000000000000011	0.0000238788606813
-9.2249999999999996	0.0000225410325625
-9.2500000000000000	0.0000212748326554
-9.2750000000000004	0.0000200766219236
-9.3000000000000007	0.0000189429350453
-9.3250000000000011	0.0000178704727336
-9.3499999999999996	0.0000168560943649
-9.3750000000000000	0.0000158968109028
-9.4000000000000004	0.0000149897781086
-9.4250000000000007	0.0000141322900274
-9.4500000000000011	0.0000133217727408
-9.4749999999999996	0.0000125557783762
-9.5000000000000000	0.0000118319793638
-9.5250000000000004	0.0000111481629315
-9.5500000000000007	0.0000105022258303
-9.5750000000000011	0.0000098921692811
-9.6000000000000014	0.0000093160941341
-9.6250000000000000	0.0000087721962341
-9.6500000000000004	0.0000082587619827
-9.6750000000000007	0.0000077741640911
-9.7000000000000011	0.0000073168575158
-9.7250000000000014	0.0000068853755694
-9.7500000000000000	0.0000064783262013
-9.7750000000000004	0.0000060943884404
-9.8000000000000007	0.0000057323089942
-9.8250000000000011	0.0000053908989976
-9.8500000000000014	0.0000050690309064
-9.8750000000000000	0.0000047656355281
-9.9000000000000004	0.0000044796991868
-9.9250000000000007	0.0000042102610143
-9.9500000000000011	0.0000039564103647
-9.9750000000000014	0.0000037172843450
-10.0000000000000000	0.0000034920654594
-10.0250000000000004	0.0000032799793606
-10.0500000000000007	0.0000030802927048
-10.0750000000000011	0.0000028923111061
-10.1000000000000014	0.0000027153771850
-10.1250000000000000	0.0000025488687085
-10.1500000000000004	0.0000023921968170
-10.1750000000000007	0.0000022448043343
-10.2000000000000011	0.0000021061641579
-10.2250000000000014	0.0000019757777250
-10.2500000000000000	0.0000018531735522
-10.2750000000000004	0.0000017379058441
-10.3000000000000007	0.0000016295531694
-10.3250000000000011	0.0000015277172009
-10.3500000000000014	0.0000014320215157
-10.3750000000000000	0.0000013421104546
-10.4000000000000004	0.0000012576480365
-10.4250000000000007	0.0000011783169265
-10.4500000000000011	0.0000011038174543
-10.4750000000000014	0.0000010338666812
-10.5000000000000000	0.0000009681975140
-10.5250000000000004	0.0000009065578618
-10.5500000000000007	0.0000008487098358
-10.5750000000000011	0.0000007944289896
-10.6000000000000014	0.0000007435035962
-10.6250000000000000	0.0000006957339637
-10.6500000000000004	0.0000006509317836
-10.6750000000000007	0.0000006089195140
-10.7000000000000011	0.0000005695297934
-10.7250000000000014	0.0000005326048849
-10.7500000000000000	0.0000004979961488
-10.7750000000000004	0.0000004655635430
-10.8000000000000007	0.0000004351751488
-10.8250000000000011	0.0000004067067215
-10.8500000000000014	0.0000003800412648
-10.8750000000000000	0.0000003550686274
-10.9000000000000004	0.0000003316851203
-10.9250000000000007	0.0000003097931557
-10.9500000000000011	0.0000002893009032
-10.9750000000000014	0.0000002701219660
-11.0000000000000000	0.0000002521750733
-11.0250000000000004	0.0000002353837900
-11.0500000000000007	0.0000002196762408
-11.0750000000000011	0.0000002049848510
-11.1000000000000014	0.0000001912460996
-11.1250000000000000	0.0000001784002867
-11.1500000000000004	0.0000001663913138
-11.1750000000000007	0.0000001551664754
-11.2000000000000011	0.0000001446762626
-11.2250000000000014	0.0000001348741773
-11.2500000000000000	0.0000001257165567
-11.2750000000000004	0.0000001171624077
-11.3000000000000007	0.0000001091732502
-11.3250000000000011	0.0000001017129694
-11.3500000000000014	0.0000000947476764
-11.3750000000000000	0.0000000882455765
-11.4000000000000004	0.0000000821768448
-11.4250000000000007	0.0000000765135094
-11.4500000000000011	0.0000000712293404
-11.4750000000000014	0.0000000662997461
-11.5000000000000000	0.0000000617016743
-11.5250000000000004	0.0000000574135200
-11.5500000000000007	0.0000000534150379
-11.5750000000000011	0.0000000496872602
-11.6000000000000014	0.0000000462124187
-11.6250000000000000	0.0000000429738725
-11.6500000000000004	0.0000000399560386
-11.6750000000000007	0.0000000371443273
-11.7000000000000011	0.0000000345250816
-11.7250000000000014	0.0000000320855192
-11.7500000000000000	0.0000000298136789
-11.7750000000000004	0.0000000276983699
-11.8000000000000007	0.0000000257291235
-11.8250000000000011	0.0000000238961489
-11.8500000000000014	0.0000000221902901
-11.8750000000000000	0.0000000206029869
-11.9000000000000004	0.0000000191262370
-11.9250000000000007	0.0000000177525614
-11.9500000000000011	0.0000000164749708
-11.9750000000000014	0.0000000152869353
-12.0000000000000000	0.0000000141823546
-12.0250000000000004	0.0000000131555314
-12.0500000000000007	0.0000000122011451
-12.0750000000000011	0.0000000113142281
-12.1000000000000014	0.0000000104901430
-12.1250000000000000	0.0000000097245616
-12.1500000000000004	0.0000000090134446
-12.1750000000000007	0.0000000083530234
-12.2000000000000011	0.0000000077397823
-12.2250000000000014	0.0000000071704421
-12.2500000000000000	0.0000000066419448
-12.2750000000000004	0.0000000061514391
-12.3000000000000007	0.0000000056962670
-12.3250000000000011	0.0000000052739510
-12.3500000000000014	0.0000000048821823
-12.3750000000000000	0.0000000045188094
-12.4000000000000004	0.0000000041818283
-12.4250000000000007	0.0000000038693723
-12.4500000000000011	0.0000000035797029
-12.4750000000000014	0.0000000033112013
-12.5000000000000000	0.0000000030623606
-12.5250000000000004	0.0000000028317781
-12.5500000000000007	0.0000000026181483
-12.5750000000000011	0.0000000024202566
-12.6000000000000014	0.0000000022369729
-12.6250000000000000	0.0000000020672460
-12.6500000000000004	0.0000000019100985
-12.6750000000000007	0.0000000017646212
-12.7000000000000011	0.0000000016299691
-12.7250000000000014	0.0000000015053566
-12.7500000000000000	0.0000000013900536
-12.7750000000000004	0.0000000012833817
-12.8000000000000007	0.0000000011847106
-12.8250000000000011	0.0000000010934549
-12.8500000000000014	0.0000000010090707
-12.8750000000000000	0.0000000009310531
-12.9000000000000004	0.0000000008589334
-12.9250000000000007	0.0000000007922762
-12.9500000000000011	0.0000000007306778
-12.9750000000000014	0.0000000006737633
-13.0000000000000000	0.0000000006211849
-13.0250000000000004	0.0000000005726201
-13.0500000000000007	0.0000000005277697
-13.0750000000000011	0.0000000004863562
-13.1000000000000014	0.0000000004481224
-13.1250000000000000	0.0000000004128297
-13.1500000000000004	0.0000000003802571
-13.1750000000000007	0.0000000003501998
-13.2000000000000011	0.0000000003224680
-13.2250000000000014	0.0000000002968858
-13.2500000000000000	0.0000000002732904
-13.2750000000000004	0.0000000002515310
-13.3000000000000007	0.0000000002314679
-13.3250000000000011	0.0000000002129719
-13.3500000000000014	0.0000000001959232
-13.3750000000000000	0.0000000001802111
-13.4000000000000004	0.0000000001657331
-13.4250000000000007	0.0000000001523945
-13.4500000000000011	0.0000000001401075
-13.4750000000000014	0.0000000001287911
-13.5000000000000000	0.0000000001183701
-13.5250000000000004	0.0000000001087754
-13.5500000000000007	0.0000000000999428
-13.5750000000000011	0.0000000000918130
-13.6000000000000014	0.0000000000843314
-13.6250000000000000	0.0000000000774473
-13.6500000000000004	0.0000000000711141
-13.6750000000000007	0.0000000000652885
-13.7000000000000011	0.0000000000599308
-13.7250000000000014	0.0000000000550042
-13.7500000000000000	0.0000000000504747
-13.7750000000000004	0.0000000000463110
-13.8000000000000007	0.0000000000424841
-13.8250000000000011	0.0000000000389673
-13.8500000000000014	0.0000000000357361
-13.8750000000000000	0.0000000000327676
-13.9000000000000004	0.0000000000300411
-13.9250000000000007	0.0000000000275371
-13.9500000000000011	0.0000000000252379
-13.9750000000000014	0.0000000000231271
-14.0000000000000000	0.0000000000211895
-14.0250000000000004	0.0000000000194111
-14.0500000000000007	0.0000000000177793
-14.0750000000000011	0.0000000000162821
-14.1000000000000014	0.0000000000149086
-14.1250000000000000	0.0000000000136489
-14.1500000000000004	0.0000000000124937
-14.1750000000000007	0.0000000000114344
-14.2000000000000011	0.0000000000104634
-14.2250000000000014	0.0000000000095732
-14.2500000000000000	0.0000000000087575
-14.2750000000000004	0.0000000000080100
-14.3000000000000007	0.0000000000073252
-14.3250000000000011	0.0000000000066978
-14.3500000000000014	0.0000000000061233
-14.3750000000000000	0.0000000000055971
-14.4000000000000004	0.0000000000051154
-14.4250000000000007	0.0000000000046744
-14.4500000000000011	0.0000000000042707
-14.4750000000000014	0.0000000000039013
-14.5000000000000000	0.0000000000035633
-14.5250000000000004	0.0000000000032541
-14.5500000000000007	0.0000000000029712
-14.5750000000000011	0.0000000000027125
-14.6000000000000014	0.0000000000024760
-14.6250000000000000	0.0000000000022597
-14.6500000000000004	0.0000000000020620
-14.6750000000000007	0.0000000000018813
-14.7000000000000011	0.0000000000017161
-14.7250000000000014	0.0000000000015652
-14.7500000000000000	0.0000000000014274
-14.7750000000000004	0.0000000000013015
-14.8000000000000007	0.0000000000011865
-14.8250000000000011	0.0000000000010815
-14.8500000000000014	0.0000000000009856
-14.8750000000000000	0.0000000000008981
-14.9000000000000004	0.0000000000008183
-14.9250000000000007	0.0000000000007454
-14.9500000000000011	0.0000000000006789
-14.9750000000000014	0.0000000000006182
-15.0000000000000000	0.0000000000005629
-15.0250000000000004	0.0000000000005125
-15.0500000000000007	0.0000000000004665
-15.0750000000000011	0.0000000000004245
-15.1000000000000014	0.0000000000003863
-15.1250000000000000	0.0000000000003514
-15.1500000000000004	0.0000000000003197
-15.1750000000000007	0.0000000000002908
-15.2000000000000011	0.0000000000002644
-15.2250000000000014	0.0000000000002404
-15.2500000000000000	0.0000000000002186
-15.2750000000000004	0.0000000000001987
-15.3000000000000007	0.0000000000001805
-15.3250000000000011	0.0000000000001640
-15.3500000000000014	0.0000000000001490
-15.3750000000000000	0.0000000000001354
-15.4000000000000004	0.0000000000001230
-15.4250000000000007	0.0000000000001117
-15.4500000000000011	0.0000000000001014
-15.4750000000000014	0.0000000000000920
-15.5000000000000000	0.0000000000000835
-15.5250000000000004	0.0000000000000758
-15.5500000000000007	0.0000000000000688
-15.5750000000000011	0.0000000000000624
-15.6000000000000014	0.0000000000000566
-15.6250000000000000	0.0000000000000513
-15.6500000000000004	0.0000000000000466
-15.6750000000000007	0.0000000000000422
-15.7000000000000011	0.0000000000000383
-15.7250000000000014	0.0000000000000347
-15.7500000000000000	0.0000000000000314
-15.7750000000000004	0.0000000000000285
-15.8000000000000007	0.0000000000000258
-15.8250000000000011	0.0000000000000234
-15.8500000000000014	0.0000000000000212
-15.8750000000000000	0.0000000000000192
-15.9000000000000004	0.0000000000000174
-15.9250000000000007	0.0000000000000157
-15.9500000000000011	0.0000000000000142
-15.9750000000000014	0.0000000000000129
-16.0000000000000000	0.0000000000000116
-16.0250000000000021	0.0000000000000105
-16.0500000000000007	0.0000000000000095
-16.0749999999999993	0.0000000000000086
-16.1000000000000014	0.0000000000000078
-16.1250000000000000	0.0000000000000070
-16.1500000000000021	0.0000000000000064
-16.1750000000000007	0.0000000000000058
-16.1999999999999993	0.0000000000000052
-16.2250000000000014	0.0000000000000047
-16.2500000000000000	0.0000000000000042
-16.2750000000000021	0.0000000000000038
-16.3000000000000007	0.0000000000000035
-16.3249999999999993	0.0000000000000031
-16.3500000000000014	0.0000000000000028
-16.3750000000000000	0.0000000000000026
-16.4000000000000021	0.0000000000000023
-16.4250000000000007	0.0000000000000021
-16.4499999999999993	0.0000000000000019
-16.4750000000000014	0.0000000000000017
-16.5000000000000000	0.0000000000000015
-16.5250000000000021	0.0000000000000014
-16.5500000000000007	0.0000000000000012
-16.5749999999999993	0.0000000000000011
-16.6000000000000014	0.0000000000000010
-16.6250000000000000	0.0000000000000009
-16.6500000000000021	0.0000000000000008
-16.6750000000000007	0.0000000000000007
-16.6999999999999993	0.0000000000000007
-16.7250000000000014	0.0000000000000006
-16.7500000000000000	0.0000000000000005
-16.7750000000000021	0.0000000000000005
-16.8000000000000007	0.0000000000000004
-16.8249999999999993	0.0000000000000004
-16.8500000000000014	0.0000000000000004
-16.8750000000000000	0.0000000000000003
-16.9000000000000021	0.0000000000000003
-16.9250000000000007	0.0000000000000003
-16.9499999999999993	0.0000000000000002
-16.9750000000000014	0.0000000000000002
-17.0000000000000000	0.0000000000000002
-17.0250000000000021	0.0000000000000002
-17.0500000000000007	0.0000000000000002
-17.0749999999999993	0.0000000000000001
-17.1000000000000014	0.0000000000000001
-17.1250000000000000	0.0000000000000001
-17.1500000000000021	0.0000000000000001
-17.1750000000000007	0.0000000000000001
-17.1999999999999993	0.0000000000000001
-17.2250000000000014	0.0000000000000001
-17.2500000000000000	0.0000000000000001
-17.2750000000000021	0.0000000000000001
-17.3000000000000007	0.0000000000000001
-17.3249999999999993	0.0000000000000000
-17.3500000000000014	0.0000000000000000
-17.3750000000000000	0.0000000000000000
-17.4000000000000021	0.0000000000000000
-17.4250000000000007	0.0000000000000000
-17.4499999999999993	0.0000000000000000
-17.4750000000000014	0.0000000000000000
-17.5000000000000000	0.0000000000000000
-17.5250000000000021	0.0000000000000000
-17.5500000000000007	0.0000000000000000
-17.5749999999999993	0.0000000000000000
-17.6000000000000014	0.0000000000000000
-17.6250000000000000	0.0000000000000000
-17.6500000000000021	0.0000000000000000
-17.6750000000000007	0.0000000000000000
-17.6999999999999993	0.0000000000000000
-17.7250000000000014	0.0000000000000000
-17.7500000000000000	0.0000000000000000
-17.7750000000000021	0.0000000000000000
-17.8000000000000007	0.0000000000000000
-17.8249999999999993	0.0000000000000000
-17.8500000000000014	0.0000000000000000
-17.8750000000000000	0.0000000000000000
-17.9000000000000021	0.0000000000000000
-17.9250000000000007	0.0000000000000000
-17.9499999999999993	0.0000000000000000
-17.9750000000000014	0.0000000000000000
-18.0000000000000000	0.0000000000000000
-18.0250000000000021	0.0000000000000000
-18.0500000000000007	0.0000000000000000
-18.0749999999999993	0.0000000000000000
-18.1000000000000014	0.0000000000000000
-18.1250000000000000	0.0000000000000000
-18.1500000000000021	0.0000000000000000
-18.1750000000000007	0.0000000000000000
-18.1999999999999993	0.0000000000000000
-18.2250000000000014	0.0000000000000000
-18.2500000000000000	0.0000000000000000
-18.2750000000000021	0.0000000000000000
-18.3000000000000007	0.0000000000000000
-18.3249999999999993	0.0000000000000000
-18.3500000000000014	0.0000000000000000
-18.3750000000000000	0.0000000000000000
-18.4000000000000021	0.0000000000000000
-18.4250000000000007	0.0000000000000000
-18.4499999999999993	0.0000000000000000
-18.4750000000000014	0.0000000000000000
-18.5000000000000000	0.0000000000000000
-18.5250000000000021	0.0000000000000000
-18.5500000000000007	0.0000000000000000
-18.5749999999999993	0.0000000000000000
-18.6000000000000014	0.0000000000000000
-18.6250000000000000	0.0000000000000000
-18.6500000000000021	0.0000000000000000
-18.6750000000000007	0.0000000000000000
-18.6999999999999993	0.0000000000000000
-18.7250000000000014	0.0000000000000000
-18.7500000000000000	0.0000000000000000
-18.7750000000000021	0.0000000000000000
-18.8000000000000007	0.0000000000000000
-18.8249999999999993	0.0000000000000000
-18.8500000000000014	0.0000000000000000
-18.8750000000000000	0.0000000000000000
-18.9000000000000021	0.0000000000000000
-18.9250000000000007	0.0000000000000000
-18.9499999999999993	0.0000000000000000
-18.9750000000000014	0.0000000000000000
-19.0000000000000000	0.0000000000000000
-19.0250000000000021	0.0000000000000000
-19.0500000000000007	0.0000000000000000
-19.0749999999999993	0.0000000000000000
-19.1000000000000014	0.0000000000000000
-19.1250000000000000	0.0000000000000000
-19.1500000000000021	0.0000000000000000
-19.1750000000000007	0.0000000000000000
-19.2000000000000028	0.0000000000000000
-19.2250000000000014	0.0000000000000000
-19.2500000000000000	0.0000000000000000
-19.2750000000000021	0.0000000000000000
-19.3000000000000007	0.0000000000000000
-19.3250000000000028	0.0000000000000000
-19.3500000000000014	0.0000000000000000
-19.3750000000000000	0.0000000000000000
-19.4000000000000021	0.0000000000000000
-19.4250000000000007	0.0000000000000000
-19.4500000000000028	0.0000000000000000
-19.4750000000000014	0.0000000000000000
-19.5000000000000000	0.0000000000000000
-19.5250000000000021	0.0000000000000000
-19.5500000000000007	0.0000000000000000
-19.5750000000000028	0.0000000000000000
-19.6000000000000014	0.0000000000000000
-19.6250000000000000	0.0000000000000000
-19.6500000000000021	0.0000000000000000
-19.6750000000000007	0.0000000000000000
-19.7000000000000028	0.0000000000000000
-19.7250000000000014	0.0000000000000000
-19.7500000000000000	0.0000000000000000
-19.7750000000000021	0.0000000000000000
-19.8000000000000007	0.0000000000000000
-19.8250000000000028	0.0000000000000000
-19.8500000000000014	0.0000000000000000
-19.8750000000000000	0.0000000000000000
-19.9000000000000021	0.0000000000000000
-19.9250000000000007	0.0000000000000000
-19.9500000000000028	0.0000000000000000
-19.9750000000000014	0.0000000000000000
-20.0000000000000000	0.0000000000000000
-20.0250000000000021	0.0000000000000000
-20.0500000000000007	0.0000000000000000
-20.0750000000000028	0.0000000000000000
-20.1000000000000014	0.0000000000000000
-20.1250000000000000	0.0000000000000000
-20.1500000000000021	0.0000000000000000
-20.1750000000000007	0.0000000000000000
-20.2000000000000028	0.0000000000000000
-20.2250000000000014	0.0000000000000000
-20.2500000000000000	0.0000000000000000
-20.2750000000000021	0.0000000000000000
-20.3000000000000007	0.0000000000000000
-20.3250000000000028	0.0000000000000000
-20.3500000000000014	0.0000000000000000
-20.3750000000000000	0.0000000000000000
-20.4000000000000021	0.0000000000000000
-20.4250000000000007	0.0000000000000000
-20.4500000000000028	0.0000000000000000
-20.4750000000000014	0.0000000000000000
-20.5000000000000000	0.0000000000000000
-20.5250000000000021	0.0000000000000000
-20.5500000000000007	0.0000000000000000
-20.5750000000000028	0.0000000000000000
-20.6000000000000014	0.0000000000000000
-20.6250000000000000	0.0000000000000000
-20.6500000000000021	0.0000000000000000
-20.6750000000000007	0.0000000000000000
-20.7000000000000028	0.0000000000000000
-20.7250000000000014	0.0000000000000000
-20.7500000000000000	0.0000000000000000
-20.7750000000000021	0.0000000000000000
-20.8000000000000007	0.0000000000000000
-20.8250000000000028	0.0000000000000000
-20.8500000000000014	0.0000000000000000
-20.8750000000000000	0.0000000000000000
-20.9000000000000021	0.0000000000000000
-20.9250000000000007	0.0000000000000000
-20.9500000000000028	0.0000000000000000
-20.9750000000000014	0.0000000000000000
-21.0000000000000000	0.0000000000000000
-21.0250000000000021	0.0000000000000000
-21.0500000000000007	0.0000000000000000
-21.0750000000000028	0.0000000000000000
-21.1000000000000014	0.0000000000000000
-21.1250000000000000	0.0000000000000000
-21.1500000000000021	0.0000000000000000
-21.1750000000000007	0.0000000000000000
-21.2000000000000028	0.0000000000000000
-21.2250000000000014	0.0000000000000000
-21.2500000000000000	0.0000000000000000
-21.2750000000000021	0.0000000000000000
-21.3000000000000007	0.0000000000000000
-21.3250000000000028	0.0000000000000000
-21.3500000000000014	0.0000000000000000
-21.3750000000000000	0.0000000000000000
-21.4000000000000021	0.0000000000000000
-21.4250000000000007	0.0000000000000000
-21.4500000000000028	0.0000000000000000
-21.4750000000000014	0.0000000000000000
-21.5000000000000000	0.0000000000000000
-21.5250000000000021	0.0000000000000000
-21.5500000000000007	0.0000000000000000
-21.5750000000000028	0.0000000000000000
-21.6000000000000014	0.0000000000000000
-21.6250000000000000	0.0000000000000000
-21.6500000000000021	0.0000000000000000
-21.6750000000000007	0.0000000000000000
-21.7000000000000028	0.0000000000000000
-21.7250000000000014	0.0000000000000000
-21.7500000000000000	0.0000000000000000
-21.7750000000000021	0.0000000000000000
-21.8000000000000007	0.0000000000000000
-21.8250000000000028	0.0000000000000000
-21.8500000000000014	0.0000000000000000
-21.8750000000000000	0.0000000000000000
-21.9000000000000021	0.0000000000000000
-21.9250000000000007	0.0000000000000000
-21.9500000000000028	0.0000000000000000
-21.9750000000000014	0.0000000000000000
-22.0000000000000000	0.0000000000000000
-22.0250000000000021	0.0000000000000000
-22.0500000000000007	0.0000000000000000
-22.0750000000000028	0.0000000000000000
-22.1000000000000014	0.0000000000000000
-22.1250000000000000	0.0000000000000000
-22.1500000000000021	0.0000000000000000
-22.1750000000000007	0.0000000000000000
-22.2000000000000028	0.0000000000000000
-22.2250000000000014	0.0000000000000000
-22.2500000000000000	0.0000000000000000
-22.2750000000000021	0.0000000000000000
-22.3000000000000007	0.0000000000000000
-22.3250000000000028	0.0000000000000000
-22.3500000000000014	0.0000000000000000
-22.3750000000000000	0.0000000000000000
-22.4000000000000021	0.0000000000000000
-22.4250000000000007	0.0000000000000000
-22.4500000000000028	0.0000000000000000
-22.4750000000000014	0.0000000000000000
-22.5000000000000000	0.0000000000000000
-22.5250000000000021	0.0000000000000000
-22.5500000000000007	0.0000000000000000
-22.5750000000000028	0.0000000000000000
-22.6000000000000014	0.0000000000000000
-22.6250000000000000	0.0000000000000000
-22.6500000000000021	0.0000000000000000
-22.6750000000000007	0.0000000000000000
-22.7000000000000028	0.0000000000000000
-22.7250000000000014	0.0000000000000000
-22.7500000000000000	0.0000000000000000
-22.7750000000000021	0.0000000000000000
-22.8000000000000007	0.0000000000000000
-22.8250000000000028	0.0000000000000000
-22.8500000000000014	0.0000000000000000
-22.8750000000000000	0.0000000000000000
-22.9000000000000021	0.0000000000000000
-22.9250000000000007	0.0000000000000000
-22.9500000000000028	0.0000000000000000
-22.9750000000000014	0.0000000000000000
-23.0000000000000000	0.0000000000000000
-23.0250000000000021	0.0000000000000000
-23.0500000000000007	0.0000000000000000
-23.0750000000000028	0.0000000000000000
-23.1000000000000014	0.0000000000000000
-23.1250000000000000	0.0000000000000000
-23.1500000000000021	0.0000000000000000
-23.1750000000000007	0.0000000000000000
-23.2000000000000028	0.0000000000000000
-23.2250000000000014	0.0000000000000000
-23.2500000000000000	0.0000000000000000
-23.2750000000000021	0.0000000000000000
-23.3000000000000007	0.0000000000000000
-23.3250000000000028	0.0000000000000000
-23.3500000000000014	0.0000000000000000
-23.3750000000000000	0.0000000000000000
-23.4000000000000021	0.0000000000000000
-23.4250000000000007	0.0000000000000000
-23.4500000000000028	0.0000000000000000
-23.4750000000000014	0.0000000000000000
-23.5000000000000000	0.0000000000000000
-23.5250000000000021	0.0000000000000000
-23.5500000000000007	0.0000000000000000
-23.5750000000000028	0.0000000000000000
-23.6000000000000014	0.0000000000000000
-23.6250000000000000	0.0000000000000000
-23.6500000000000021	0.0000000000000000
-23.6750000000000007	0.0000000000000000
-23.7000000000000028	0.0000000000000000
-23.7250000000000014	0.0000000000000000
-23.7500000000000000	0.0000000000000000
-23.7750000000000021	0.0000000000000000
-23.8000000000000007	0.0000000000000000
-23.8250000000000028	0.0000000000000000
-23.8500000000000014	0.0000000000000000
-23.8750000000000000	0.0000000000000000
-23.9000000000000021	0.0000000000000000
-23.9250000000000007	0.0000000000000000
-23.9500000000000028	0.0000000000000000
-23.9750000000000014	0.0000000000000000
-24.0000000000000000	0.0000000000000000
-24.0250000000000021	0.0000000000000000
-24.0500000000000007	0.0000000000000000
-24.0750000000000028	0.0000000000000000
-24.1000000000000014	0.0000000000000000
-24.1250000000000000	0.0000000000000000
-24.1500000000000021	0.0000000000000000
-24.1750000000000007	0.0000000000000000
-24.2000000000000028	0.0000000000000000
-24.2250000000000014	0.0000000000000000
-24.2500000000000000	0.0000000000000000
-24.2750000000000021	0.0000000000000000
-24.3000000000000007	0.0000000000000000
-24.3250000000000028	0.0000000000000000
-24.3500000000000014	0.0000000000000000
-24.3750000000000000	0.0000000000000000
-24.4000000000000021	0.0000000000000000
-24.4250000000000007	0.0000000000000000
-24.4500000000000028	0.0000000000000000
-24.4750000000000014	0.0000000000000000
-24.5000000000000000	0.0000000000000000
-24.5250000000000021	0.0000000000000000
-24.5500000000000007	0.0000000000000000
-24.5750000000000028	0.0000000000000000
-24.6000000000000014	0.0000000000000000
-24.6250000000000000	0.0000000000000000
-24.6500000000000021	0.0000000000000000
-24.6750000000000007	0.0000000000000000
-24.7000000000000028	0.0000000000000000
-24.7250000000000014	0.0000000000000000
-24.7500000000000000	0.0000000000000000
-24.7750000000000021	0.0000000000000000
-24.8000000000000007	0.0000000000000000
-24.8250000000000028	0.0000000000000000
-24.8500000000000014	0.0000000000000000
-24.8750000000000000	0.0000000000000000
-24.9000000000000021	0.0000000000000000
-24.9250000000000007	0.0000000000000000
-24.9500000000000028	0.0000000000000000
-24.9750000000000014	0.0000000000000000
