9.9215e-01
9.9187e-01
9.9058e-01
9.8901e-01
9.8744e-01
9.8606e-01
9.8470e-01
9.8332e-01
9.8195e-01
9.8038e-01
9.7881e-01
9.7646e-01
9.7371e-01
9.7096e-01
9.6822e-01
9.6547e-01
9.6503e-01
9.6457e-01
9.6369e-01
9.6280e-01
9.6191e-01
9.6016e-01
9.5928e-01
9.5841e-01
9.5663e-01
9.5574e-01
9.5484e-01
9.5310e-01
9.5134e-01
9.4943e-01
9.4778e-01
9.4539e-01
9.4428e-01
9.4280e-01
9.4131e-01
9.3927e-01
9.3722e-01
9.3610e-01
9.3497e-01
9.3313e-01
9.3127e-01
9.3032e-01
9.2937e-01
9.2706e-01
9.2472e-01
9.2314e-01
9.2152e-01
9.1929e-01
9.1744e-01
9.1725e-01
9.1658e-01
9.1654e-01
9.1651e-01
9.1645e-01
9.1632e-01
9.1606e-01
9.1599e-01
9.1593e-01
9.1582e-01
9.1557e-01
9.1367e-01
9.1231e-01
9.1009e-01
9.0920e-01
9.0785e-01
9.0716e-01
9.0703e-01
9.0582e-01
9.0523e-01
9.0419e-01
9.0306e-01
9.0033e-01
9.0006e-01
8.9980e-01
8.9953e-01
8.9719e-01
8.9484e-01
8.9410e-01
8.9336e-01
8.9187e-01
8.8937e-01
8.8878e-01
8.8873e-01
8.8870e-01
8.8860e-01
8.8843e-01
8.8842e-01
8.8832e-01
8.8823e-01
8.8802e-01
8.8763e-01
8.8683e-01
8.8358e-01
8.8129e-01
8.7898e-01
8.7829e-01
8.7759e-01
8.7619e-01
8.7338e-01
8.7087e-01
8.6961e-01
8.6836e-01
8.6583e-01
8.6456e-01
8.6329e-01
8.6051e-01
8.5911e-01
8.5771e-01
8.5519e-01
8.5393e-01
8.5268e-01
8.5013e-01
8.4886e-01
8.4759e-01
8.4481e-01
8.4203e-01
8.3698e-01
8.3671e-01
8.3189e-01
8.2697e-01
8.2201e-01
8.1620e-01
8.1323e-01
8.1027e-01
8.0727e-01
8.0429e-01
8.0419e-01
8.0411e-01
8.0392e-01
8.0375e-01
8.0356e-01
8.0334e-01
8.0311e-01
8.0311e-01
8.0289e-01
8.0265e-01
8.0220e-01
8.0174e-01
8.0111e-01
8.0050e-01
8.0047e-01
8.0013e-01
7.9972e-01
7.9933e-01
7.9851e-01
7.9771e-01
7.9689e-01
7.9609e-01
7.9528e-01
7.9518e-01
7.9510e-01
7.9493e-01
7.9476e-01
7.9457e-01
7.9422e-01
7.9388e-01
7.9317e-01
7.9247e-01
7.9105e-01
7.8964e-01
7.8722e-01
7.8601e-01
7.8481e-01
7.8236e-01
7.7989e-01
7.7825e-01
7.7660e-01
7.7495e-01
7.7349e-01
7.7203e-01
7.7145e-01
7.7087e-01
7.7029e-01
7.6969e-01
7.6911e-01
7.6969e-01
7.7029e-01
7.7087e-01
7.7145e-01
7.7203e-01
7.7349e-01
7.7495e-01
7.7660e-01
7.7825e-01
7.7989e-01
7.8236e-01
7.8481e-01
7.8601e-01
7.8722e-01
7.8964e-01
7.9105e-01
7.9247e-01
7.9317e-01
7.9388e-01
7.9422e-01
7.9457e-01
7.9476e-01
7.9493e-01
7.9510e-01
7.9518e-01
7.9528e-01
7.9609e-01
7.9689e-01
7.9771e-01
7.9851e-01
7.9933e-01
7.9972e-01
8.0013e-01
8.0047e-01
8.0050e-01
8.0111e-01
8.0174e-01
8.0220e-01
8.0265e-01
8.0289e-01
8.0311e-01
8.0311e-01
8.0334e-01
8.0356e-01
8.0375e-01
8.0392e-01
8.0411e-01
8.0419e-01
8.0429e-01
8.0727e-01
8.1027e-01
8.1323e-01
8.1620e-01
8.2201e-01
8.2697e-01
8.3189e-01
8.3671e-01
8.3698e-01
8.4203e-01
8.4481e-01
8.4759e-01
8.4886e-01
8.5013e-01
8.5268e-01
8.5393e-01
8.5519e-01
8.5771e-01
8.5911e-01
8.6051e-01
8.6329e-01
8.6456e-01
8.6583e-01
8.6836e-01
8.6961e-01
8.7087e-01
8.7338e-01
8.7619e-01
8.7759e-01
8.7829e-01
8.7898e-01
8.8129e-01
8.8358e-01
8.8683e-01
8.8763e-01
8.8802e-01
8.8823e-01
8.8832e-01
8.8842e-01
8.8843e-01
8.8860e-01
8.8870e-01
8.8873e-01
8.8878e-01
8.8937e-01
8.9187e-01
8.9336e-01
8.9410e-01
8.9484e-01
8.9719e-01
8.9953e-01
8.9980e-01
9.0006e-01
9.0033e-01
9.0306e-01
9.0419e-01
9.0523e-01
9.0582e-01
9.0703e-01
9.0716e-01
9.0785e-01
9.0920e-01
9.1009e-01
9.1231e-01
9.1367e-01
9.1557e-01
9.1582e-01
9.1593e-01
9.1599e-01
9.1606e-01
9.1632e-01
9.1645e-01
9.1651e-01
9.1654e-01
9.1658e-01
9.1725e-01
9.1744e-01
9.1929e-01
9.2152e-01
9.2314e-01
9.2472e-01
9.2706e-01
9.2937e-01
9.3032e-01
9.3127e-01
9.3313e-01
9.3497e-01
9.3610e-01
9.3722e-01
9.3927e-01
9.4131e-01
9.4280e-01
9.4428e-01
9.4539e-01
9.4778e-01
9.4943e-01
9.5134e-01
9.5310e-01
9.5484e-01
9.5574e-01
9.5663e-01
9.5841e-01
9.5928e-01
9.6016e-01
9.6191e-01
9.6280e-01
9.6369e-01
9.6457e-01
9.6503e-01
9.6547e-01
9.6822e-01
9.7096e-01
9.7371e-01
9.7646e-01
9.7881e-01
9.8038e-01
9.8195e-01
9.8332e-01
9.8470e-01
9.8606e-01
9.8744e-01
9.8901e-01
9.9058e-01
9.9187e-01
9.9215e-01
9.9250e-01
9.9314e-01
9.9372e-01
9.9433e-01
9.9495e-01
9.9556e-01
9.9586e-01
9.9617e-01
9.9691e-01
9.9728e-01
9.9746e-01
9.9765e-01
9.9882e-01
9.9940e-01
9.9970e-01
9.9986e-01
1.0000e+00
