1.2900e+00
1.2896e+00
1.2880e+00
1.2859e+00
1.2839e+00
1.2821e+00
1.2803e+00
1.2785e+00
1.2767e+00
1.2747e+00
1.2727e+00
1.2696e+00
1.2660e+00
1.2624e+00
1.2589e+00
1.2553e+00
1.2547e+00
1.2541e+00
1.2530e+00
1.2518e+00
1.2507e+00
1.2484e+00
1.2473e+00
1.2461e+00
1.2438e+00
1.2427e+00
1.2415e+00
1.2392e+00
1.2369e+00
1.2344e+00
1.2323e+00
1.2292e+00
1.2278e+00
1.2258e+00
1.2239e+00
1.2212e+00
1.2186e+00
1.2171e+00
1.2157e+00
1.2133e+00
1.2108e+00
1.2096e+00
1.2084e+00
1.2054e+00
1.2023e+00
1.2003e+00
1.1982e+00
1.1953e+00
1.1929e+00
1.1926e+00
1.1917e+00
1.1917e+00
1.1917e+00
1.1916e+00
1.1914e+00
1.1911e+00
1.1910e+00
1.1909e+00
1.1908e+00
1.1904e+00
1.1880e+00
1.1862e+00
1.1833e+00
1.1821e+00
1.1804e+00
1.1795e+00
1.1793e+00
1.1778e+00
1.1770e+00
1.1756e+00
1.1742e+00
1.1706e+00
1.1703e+00
1.1699e+00
1.1696e+00
1.1665e+00
1.1635e+00
1.1625e+00
1.1616e+00
1.1596e+00
1.1564e+00
1.1556e+00
1.1555e+00
1.1555e+00
1.1554e+00
1.1551e+00
1.1551e+00
1.1550e+00
1.1549e+00
1.1546e+00
1.1541e+00
1.1531e+00
1.1488e+00
1.1459e+00
1.1429e+00
1.1420e+00
1.1410e+00
1.1392e+00
1.1356e+00
1.1323e+00
1.1307e+00
1.1290e+00
1.1258e+00
1.1241e+00
1.1224e+00
1.1188e+00
1.1170e+00
1.1152e+00
1.1119e+00
1.1103e+00
1.1087e+00
1.1053e+00
1.1037e+00
1.1020e+00
1.0984e+00
1.0948e+00
1.0882e+00
1.0879e+00
1.0816e+00
1.0752e+00
1.0688e+00
1.0612e+00
1.0574e+00
1.0535e+00
1.0496e+00
1.0457e+00
1.0456e+00
1.0455e+00
1.0453e+00
1.0450e+00
1.0448e+00
1.0445e+00
1.0442e+00
1.0442e+00
1.0439e+00
1.0436e+00
1.0430e+00
1.0424e+00
1.0416e+00
1.0408e+00
1.0408e+00
1.0403e+00
1.0398e+00
1.0393e+00
1.0382e+00
1.0372e+00
1.0361e+00
1.0351e+00
1.0340e+00
1.0339e+00
1.0338e+00
1.0336e+00
1.0333e+00
1.0331e+00
1.0327e+00
1.0322e+00
1.0313e+00
1.0304e+00
1.0285e+00
1.0267e+00
1.0236e+00
1.0220e+00
1.0204e+00
1.0172e+00
1.0140e+00
1.0119e+00
1.0097e+00
1.0076e+00
1.0057e+00
1.0038e+00
1.0030e+00
1.0023e+00
1.0015e+00
1.0008e+00
1.0000e+00
1.0008e+00
1.0015e+00
1.0023e+00
1.0030e+00
1.0038e+00
1.0057e+00
1.0076e+00
1.0097e+00
1.0119e+00
1.0140e+00
1.0172e+00
1.0204e+00
1.0220e+00
1.0236e+00
1.0267e+00
1.0285e+00
1.0304e+00
1.0313e+00
1.0322e+00
1.0327e+00
1.0331e+00
1.0333e+00
1.0336e+00
1.0338e+00
1.0339e+00
1.0340e+00
1.0351e+00
1.0361e+00
1.0372e+00
1.0382e+00
1.0393e+00
1.0398e+00
1.0403e+00
1.0408e+00
1.0408e+00
1.0416e+00
1.0424e+00
1.0430e+00
1.0436e+00
1.0439e+00
1.0442e+00
1.0442e+00
1.0445e+00
1.0448e+00
1.0450e+00
1.0453e+00
1.0455e+00
1.0456e+00
1.0457e+00
1.0496e+00
1.0535e+00
1.0574e+00
1.0612e+00
1.0688e+00
1.0752e+00
1.0816e+00
1.0879e+00
1.0882e+00
1.0948e+00
1.0984e+00
1.1020e+00
1.1037e+00
1.1053e+00
1.1087e+00
1.1103e+00
1.1119e+00
1.1152e+00
1.1170e+00
1.1188e+00
1.1224e+00
1.1241e+00
1.1258e+00
1.1290e+00
1.1307e+00
1.1323e+00
1.1356e+00
1.1392e+00
1.1410e+00
1.1420e+00
1.1429e+00
1.1459e+00
1.1488e+00
1.1531e+00
1.1541e+00
1.1546e+00
1.1549e+00
1.1550e+00
1.1551e+00
1.1551e+00
1.1554e+00
1.1555e+00
1.1555e+00
1.1556e+00
1.1564e+00
1.1596e+00
1.1616e+00
1.1625e+00
1.1635e+00
1.1665e+00
1.1696e+00
1.1699e+00
1.1703e+00
1.1706e+00
1.1742e+00
1.1756e+00
1.1770e+00
1.1778e+00
1.1793e+00
1.1795e+00
1.1804e+00
1.1821e+00
1.1833e+00
1.1862e+00
1.1880e+00
1.1904e+00
1.1908e+00
1.1909e+00
1.1910e+00
1.1911e+00
1.1914e+00
1.1916e+00
1.1917e+00
1.1917e+00
1.1917e+00
1.1926e+00
1.1929e+00
1.1953e+00
1.1982e+00
1.2003e+00
1.2023e+00
1.2054e+00
1.2084e+00
1.2096e+00
1.2108e+00
1.2133e+00
1.2157e+00
1.2171e+00
1.2186e+00
1.2212e+00
1.2239e+00
1.2258e+00
1.2278e+00
1.2292e+00
1.2323e+00
1.2344e+00
1.2369e+00
1.2392e+00
1.2415e+00
1.2427e+00
1.2438e+00
1.2461e+00
1.2473e+00
1.2484e+00
1.2507e+00
1.2518e+00
1.2530e+00
1.2541e+00
1.2547e+00
1.2553e+00
1.2589e+00
1.2624e+00
1.2660e+00
1.2696e+00
1.2727e+00
1.2747e+00
1.2767e+00
1.2785e+00
1.2803e+00
1.2821e+00
1.2839e+00
1.2859e+00
1.2880e+00
1.2896e+00
1.2900e+00
1.2904e+00
1.2913e+00
1.2920e+00
1.2928e+00
1.2936e+00
1.2944e+00
1.2948e+00
1.2952e+00
1.2962e+00
1.2967e+00
1.2969e+00
1.2971e+00
1.2987e+00
1.2994e+00
1.2998e+00
1.3000e+00
1.3002e+00
