0.000000	0.000000
0.025000	0.000000
0.050000	0.000000
0.075000	0.000000
0.100000	0.000000
0.125000	0.000000
0.150000	0.000000
0.175000	0.000000
0.200000	0.000000
0.225000	0.000000
0.250000	0.000000
0.275000	0.000000
0.300000	0.000000
0.325000	0.000000
0.350000	0.000000
0.375000	0.000000
0.400000	0.000000
0.425000	0.000000
0.450000	0.000000
0.475000	0.000000
0.500000	0.000000
0.525000	0.000000
0.550000	0.000000
0.575000	0.000000
0.600000	0.000000
0.625000	0.000000
0.650000	0.000000
0.675000	0.000000
0.700000	0.000000
0.725000	0.000000
0.750000	0.000000
0.775000	0.000000
0.800000	0.000000
0.825000	0.000000
0.850000	0.000000
0.875000	0.000000
0.900000	0.000000
0.925000	0.000000
0.950000	0.000000
0.975000	0.000000
1.000000	0.000000
1.025000	0.000000
1.050000	0.000000
1.075000	0.000000
1.100000	0.000000
1.125000	0.000000
1.150000	0.000000
1.175000	0.000000
1.200000	0.000000
1.225000	0.000000
1.250000	0.000000
1.275000	0.000000
1.300000	0.000000
1.325000	0.000000
1.350000	0.000000
1.375000	0.000000
1.400000	0.000000
1.425000	0.000000
1.450000	0.000000
1.475000	0.000000
1.500000	0.000000
1.525000	0.000000
1.550000	0.000000
1.575000	0.000000
1.600000	0.000000
1.625000	0.000000
1.650000	0.000000
1.675000	0.000000
1.700000	0.000000
1.725000	0.000000
1.750000	0.000000
1.775000	0.000000
1.800000	0.000000
1.825000	0.000000
1.850000	0.000000
1.875000	0.000000
1.900000	0.000000
1.925000	0.000000
1.950000	0.000000
1.975000	0.000000
2.000000	0.000000
2.025000	0.000000
2.050000	0.000000
2.075000	0.000000
2.100000	0.000000
2.125000	0.000000
2.150000	0.000000
2.175000	0.000000
2.200000	0.000000
2.225000	0.000000
2.250000	0.000000
2.275000	0.000000
2.300000	0.000000
2.325000	0.000000
2.350000	0.000000
2.375000	0.000000
2.400000	0.000000
2.425000	0.000000
2.450000	0.000000
2.475000	0.000000
2.500000	0.000000
2.525000	0.000000
2.550000	0.000000
2.575000	0.000000
2.600000	0.000000
2.625000	0.000000
2.650000	0.000000
2.675000	0.000000
2.700000	0.000000
2.725000	0.000000
2.750000	0.000000
2.775000	0.000000
2.800000	0.000000
2.825000	0.000000
2.850000	0.000000
2.875000	0.000000
2.900000	0.000000
2.925000	0.000000
2.950000	0.000000
2.975000	0.000000
3.000000	0.000000
3.025000	0.000000
3.050000	0.000000
3.075000	0.000000
3.100000	0.000000
3.125000	0.000000
3.150000	0.000000
3.175000	0.000000
3.200000	0.000000
3.225000	0.000000
3.250000	0.000000
3.275000	0.000000
3.300000	0.000000
3.325000	0.000000
3.350000	0.000000
3.375000	0.000000
3.400000	0.000000
3.425000	0.000000
3.450000	0.000000
3.475000	0.000000
3.500000	0.000000
3.525000	0.000000
3.550000	0.000000
3.575000	0.000000
3.600000	0.000000
3.625000	0.000000
3.650000	0.000000
3.675000	0.000000
3.700000	0.000000
3.725000	0.000000
3.750000	0.000000
3.775000	0.000000
3.800000	0.000000
3.825000	0.000000
3.850000	0.000000
3.875000	0.000000
3.900000	0.000000
3.925000	0.000000
3.950000	0.000000
3.975000	0.000000
4.000000	0.000000
4.025000	0.000000
4.050000	0.000000
4.075000	0.000000
4.100000	0.000000
4.125000	0.000000
4.150000	0.000000
4.175000	0.000000
4.200000	0.000000
4.225000	0.000000
4.250000	0.000000
4.275000	0.000000
4.300000	0.000000
4.325000	0.000000
4.350000	0.000000
4.375000	0.000000
4.400000	0.000000
4.425000	0.000000
4.450000	0.000000
4.475000	0.000000
4.500000	0.000000
4.525000	0.000000
4.550000	0.000000
4.575000	0.000000
4.600000	0.000000
4.625000	0.000000
4.650000	0.000000
4.675000	0.000000
4.700000	0.000000
4.725000	0.000000
4.750000	0.000000
4.775000	0.000000
4.800000	0.000000
4.825000	0.000000
4.850000	0.000000
4.875000	0.000000
4.900000	0.000000
4.925000	0.000000
4.950000	0.000000
4.975000	0.000000
5.000000	0.000000
5.025000	0.000000
5.050000	0.000000
5.075000	0.000000
5.100000	0.000000
5.125000	0.000000
5.150000	0.000000
5.175000	0.000000
5.200000	0.000000
5.225000	0.000000
5.250000	0.000000
5.275000	0.000000
5.300000	0.000000
5.325000	0.000000
5.350000	0.000000
5.375000	0.000000
5.400000	0.000000
5.425000	0.000000
5.450000	0.000000
5.475000	0.000000
5.500000	0.000000
5.525000	0.000000
5.550000	0.000000
5.575000	0.000000
5.600000	0.000000
5.625000	0.000000
5.650000	0.000000
5.675000	0.000000
5.700000	0.000000
5.725000	0.000000
5.750000	0.000000
5.775000	0.000000
5.800000	0.000000
5.825000	0.000000
5.850000	0.000000
5.875000	0.000000
5.900000	0.000000
5.925000	0.000000
5.950000	0.000000
5.975000	0.000000
6.000000	0.000000
6.025000	0.000000
6.050000	0.000000
6.075000	0.000000
6.100000	0.000000
6.125000	0.000000
6.150000	0.000000
6.175000	0.000000
6.200000	0.000000
6.225000	0.000000
6.250000	0.000000
6.275000	0.000000
6.300000	0.000000
6.325000	0.000000
6.350000	0.000000
6.375000	0.000000
6.400000	0.000000
6.425000	0.000000
6.450000	0.000000
6.475000	0.000000
6.500000	0.000000
6.525000	0.000000
6.550000	0.000000
6.575000	0.000000
6.600000	0.000000
6.625000	0.000000
6.650000	0.000000
6.675000	0.000000
6.700000	0.000000
6.725000	0.000000
6.750000	0.000000
6.775000	0.000000
6.800000	0.000000
6.825000	0.000000
6.850000	0.000000
6.875000	0.000000
6.900000	0.000000
6.925000	0.000000
6.950000	0.000000
6.975000	0.000000
7.000000	0.000000
7.025000	0.000000
7.050000	0.000000
7.075000	0.000000
7.100000	0.000000
7.125000	0.000000
7.150000	0.000000
7.175000	0.000000
7.200000	0.000000
7.225000	0.000000
7.250000	0.000000
7.275000	0.000000
7.300000	0.000000
7.325000	0.000000
7.350000	0.000000
7.375000	0.000000
7.400000	0.000000
7.425000	0.000000
7.450000	0.000000
7.475000	0.000000
7.500000	0.000000
7.525000	0.000000
7.550000	0.000000
7.575000	0.000000
7.600000	0.000000
7.625000	0.000000
7.650000	0.000000
7.675000	0.000000
7.700000	0.000000
7.725000	0.000000
7.750000	0.000000
7.775000	0.000000
7.800000	0.000000
7.825000	0.000000
7.850000	0.000000
7.875000	0.000000
7.900000	0.000000
7.925000	0.000000
7.950000	0.000000
7.975000	0.000000
8.000000	0.000000
8.025000	0.000000
8.050000	0.000000
8.075000	0.000000
8.100000	0.000000
8.125000	0.000000
8.150000	0.000000
8.175000	0.000000
8.200000	0.000000
8.225000	0.000000
8.250000	0.000000
8.275000	0.000000
8.300000	0.000000
8.325000	0.000000
8.350000	0.000000
8.375000	0.000000
8.400000	0.000000
8.425000	0.000000
8.450000	0.000000
8.475000	0.000000
8.500000	0.000000
8.525000	0.000000
8.550000	0.000000
8.575000	0.000000
8.600000	0.000000
8.625000	0.000000
8.650000	0.000000
8.675000	0.000000
8.700000	0.000000
8.725000	0.000000
8.750000	0.000000
8.775000	0.000000
8.800000	0.000000
8.825000	0.000000
8.850000	0.000000
8.875000	0.000000
8.900000	0.000000
8.925000	0.000000
8.950000	0.000000
8.975000	0.000000
9.000000	0.000000
9.025000	0.000000
9.050000	0.000000
9.075000	0.000000
9.100000	0.000000
9.125000	0.000000
9.150000	0.000000
9.175000	0.000000
9.200000	0.000000
9.225000	0.000000
9.250000	0.000000
9.275000	0.000000
9.300000	0.000000
9.325000	0.000000
9.350000	0.000000
9.375000	0.000000
9.400000	0.000000
9.425000	0.000000
9.450000	0.000000
9.475000	0.000000
9.500000	0.000000
9.525000	0.000000
9.550000	0.000000
9.575000	0.000000
9.600000	0.000000
9.625000	0.000000
9.650000	0.000000
9.675000	0.000000
9.700000	0.000000
9.725000	0.000000
9.750000	0.000000
9.775000	0.000000
9.800000	0.000000
9.825000	0.000000
9.850000	0.000000
9.875000	0.000000
9.900000	0.000000
9.925000	0.000000
9.950000	0.000000
9.975000	0.000000
10.000000	0.000000
10.025000	0.000000
10.050000	0.000000
10.075000	0.000000
10.100000	0.000000
10.125000	0.000000
10.150000	0.000000
10.175000	0.000000
10.200000	0.000000
10.225000	0.000000
10.250000	0.000000
10.275000	0.000000
10.300000	0.000000
10.325000	0.000000
10.350000	0.000000
10.375000	0.000000
10.400000	0.000000
10.425000	0.000000
10.450000	0.000000
10.475000	0.000000
10.500000	0.000000
10.525000	0.000000
10.550000	0.000000
10.575000	0.000000
10.600000	0.000000
10.625000	0.000000
10.650000	0.000000
10.675000	0.000000
10.700000	0.000000
10.725000	0.000000
10.750000	0.000000
10.775000	0.000000
10.800000	0.000000
10.825000	0.000000
10.850000	0.000000
10.875000	0.000000
10.900000	0.000000
10.925000	0.000000
10.950000	0.000000
10.975000	0.000000
11.000000	0.000000
11.025000	0.000000
11.050000	0.000000
11.075000	0.000000
11.100000	0.000000
11.125000	0.000000
11.150000	0.000000
11.175000	0.000000
11.200000	0.000000
11.225000	0.000000
11.250000	0.000000
11.275000	0.000000
11.300000	0.000000
11.325000	0.000000
11.350000	0.000000
11.375000	0.000000
11.400000	0.000000
11.425000	0.000000
11.450000	0.000000
11.475000	0.000000
11.500000	0.000000
11.525000	0.000000
11.550000	0.000000
11.575000	0.000000
11.600000	0.000000
11.625000	0.000000
11.650000	0.000000
11.675000	0.000000
11.700000	0.000000
11.725000	0.000000
11.750000	0.000000
11.775000	0.000000
11.800000	0.000000
11.825000	0.000000
11.850000	0.000000
11.875000	0.000000
11.900000	0.000000
11.925000	0.000000
11.950000	0.000000
11.975000	0.000000
12.000000	0.000000
12.025000	0.000000
12.050000	0.000000
12.075000	0.000000
12.100000	0.000000
12.125000	0.000000
12.150000	0.000000
12.175000	0.000000
12.200000	0.000000
12.225000	0.000000
12.250000	0.000000
12.275000	0.000000
12.300000	0.000000
12.325000	0.000000
12.350000	0.000000
12.375000	0.000000
12.400000	0.000000
12.425000	0.000000
12.450000	0.000000
12.475000	0.000000
12.500000	0.000000
12.525000	0.000000
12.550000	0.000000
12.575000	0.000000
12.600000	0.000000
12.625000	0.000000
12.650000	0.000000
12.675000	0.000000
12.700000	0.000000
12.725000	0.000000
12.750000	0.000000
12.775000	0.000000
12.800000	0.000000
12.825000	0.000000
12.850000	0.000000
12.875000	0.000000
12.900000	0.000000
12.925000	0.000000
12.950000	0.000000
12.975000	0.000000
13.000000	0.000000
13.025000	0.000000
13.050000	0.000000
13.075000	0.000000
13.100000	0.000000
13.125000	0.000000
13.150000	0.000000
13.175000	0.000000
13.200000	0.000000
13.225000	0.000000
13.250000	0.000000
13.275000	0.000000
13.300000	0.000000
13.325000	0.000000
13.350000	0.000000
13.375000	0.000000
13.400000	0.000000
13.425000	0.000000
13.450000	0.000000
13.475000	0.000000
13.500000	0.000000
13.525000	0.000000
13.550000	0.000000
13.575000	0.000000
13.600000	0.000000
13.625000	0.000000
13.650000	0.000000
13.675000	0.000000
13.700000	0.000000
13.725000	0.000000
13.750000	0.000000
13.775000	0.000000
13.800000	0.000000
13.825000	0.000000
13.850000	0.000000
13.875000	0.000000
13.900000	0.000000
13.925000	0.000000
13.950000	0.000000
13.975000	0.000000
14.000000	0.000000
14.025000	0.000000
14.050000	0.000000
14.075000	0.000000
14.100000	0.000000
14.125000	0.000000
14.150000	0.000000
14.175000	0.000000
14.200000	0.000000
14.225000	0.000001
14.250000	0.000001
14.275000	0.000001
14.300000	0.000001
14.325000	0.000001
14.350000	0.000001
14.375000	0.000001
14.400000	0.000001
14.425000	0.000001
14.450000	0.000001
14.475000	0.000001
14.500000	0.000001
14.525000	0.000001
14.550000	0.000001
14.575000	0.000001
14.600000	0.000001
14.625000	0.000001
14.650000	0.000002
14.675000	0.000002
14.700000	0.000002
14.725000	0.000002
14.750000	0.000002
14.775000	0.000002
14.800000	0.000002
14.825000	0.000002
14.850000	0.000003
14.875000	0.000003
14.900000	0.000003
14.925000	0.000003
14.950000	0.000003
14.975000	0.000004
15.000000	0.000004
15.025000	0.000004
15.050000	0.000004
15.075000	0.000005
15.100000	0.000005
15.125000	0.000005
15.150000	0.000006
15.175000	0.000006
15.200000	0.000006
15.225000	0.000007
15.250000	0.000007
15.275000	0.000008
15.300000	0.000008
15.325000	0.000009
15.350000	0.000009
15.375000	0.000010
15.400000	0.000010
15.425000	0.000011
15.450000	0.000012
15.475000	0.000012
15.500000	0.000013
15.525000	0.000014
15.550000	0.000015
15.575000	0.000016
15.600000	0.000016
15.625000	0.000017
15.650000	0.000018
15.675000	0.000020
15.700000	0.000021
15.725000	0.000022
15.750000	0.000023
15.775000	0.000025
15.800000	0.000026
15.825000	0.000028
15.850000	0.000029
15.875000	0.000031
15.900000	0.000033
15.925000	0.000035
15.950000	0.000037
15.975000	0.000039
16.000000	0.000041
16.025000	0.000044
16.050000	0.000046
16.075000	0.000049
16.100000	0.000052
16.125000	0.000054
16.150000	0.000058
16.175000	0.000061
16.200000	0.000064
16.225000	0.000068
16.250000	0.000072
16.275000	0.000076
16.300000	0.000080
16.325000	0.000084
16.350000	0.000089
16.375000	0.000094
16.400000	0.000099
16.425000	0.000105
16.450000	0.000110
16.475000	0.000116
16.500000	0.000123
16.525000	0.000130
16.550000	0.000137
16.575000	0.000144
16.600000	0.000152
16.625000	0.000160
16.650000	0.000168
16.675000	0.000177
16.700000	0.000187
16.725000	0.000197
16.750000	0.000207
16.775000	0.000218
16.800000	0.000230
16.825000	0.000242
16.850000	0.000254
16.875000	0.000267
16.900000	0.000281
16.925000	0.000296
16.950000	0.000311
16.975000	0.000327
17.000000	0.000344
17.025000	0.000362
17.050000	0.000380
17.075000	0.000399
17.100000	0.000419
17.125000	0.000441
17.150000	0.000463
17.175000	0.000486
17.200000	0.000510
17.225000	0.000536
17.250000	0.000562
17.275000	0.000590
17.300000	0.000619
17.325000	0.000650
17.350000	0.000681
17.375000	0.000715
17.400000	0.000749
17.425000	0.000786
17.450000	0.000824
17.475000	0.000863
17.500000	0.000905
17.525000	0.000948
17.550000	0.000993
17.575000	0.001040
17.600000	0.001090
17.625000	0.001141
17.650000	0.001195
17.675000	0.001251
17.700000	0.001309
17.725000	0.001370
17.750000	0.001433
17.775000	0.001500
17.800000	0.001569
17.825000	0.001641
17.850000	0.001716
17.875000	0.001794
17.900000	0.001875
17.925000	0.001960
17.950000	0.002048
17.975000	0.002140
18.000000	0.002236
18.025000	0.002335
18.050000	0.002439
18.075000	0.002547
18.100000	0.002659
18.125000	0.002776
18.150000	0.002898
18.175000	0.003024
18.200000	0.003155
18.225000	0.003292
18.250000	0.003433
18.275000	0.003581
18.300000	0.003734
18.325000	0.003893
18.350000	0.004058
18.375000	0.004230
18.400000	0.004408
18.425000	0.004593
18.450000	0.004785
18.475000	0.004984
18.500000	0.005190
18.525000	0.005405
18.550000	0.005627
18.575000	0.005858
18.600000	0.006097
18.625000	0.006345
18.650000	0.006601
18.675000	0.006868
18.700000	0.007143
18.725000	0.007429
18.750000	0.007725
18.775000	0.008032
18.800000	0.008349
18.825000	0.008677
18.850000	0.009017
18.875000	0.009369
18.900000	0.009733
18.925000	0.010110
18.950000	0.010500
18.975000	0.010903
19.000000	0.011319
19.025000	0.011750
19.050000	0.012195
19.075000	0.012655
19.100000	0.013131
19.125000	0.013622
19.150000	0.014129
19.175000	0.014653
19.200000	0.015194
19.225000	0.015752
19.250000	0.016328
19.275000	0.016923
19.300000	0.017537
19.325000	0.018170
19.350000	0.018823
19.375000	0.019497
19.400000	0.020191
19.425000	0.020907
19.450000	0.021645
19.475000	0.022406
19.500000	0.023189
19.525000	0.023997
19.550000	0.024828
19.575000	0.025684
19.600000	0.026566
19.625000	0.027474
19.650000	0.028408
19.675000	0.029369
19.700000	0.030358
19.725000	0.031376
19.750000	0.032422
19.775000	0.033499
19.800000	0.034605
19.825000	0.035743
19.850000	0.036912
19.875000	0.038113
19.900000	0.039348
19.925000	0.040616
19.950000	0.041918
19.975000	0.043256
20.000000	0.044629
20.025000	0.046038
20.050000	0.047485
20.075000	0.048969
20.100000	0.050492
20.125000	0.052054
20.150000	0.053656
20.175000	0.055299
20.200000	0.056983
20.225000	0.058709
20.250000	0.060478
20.275000	0.062291
20.300000	0.064148
20.325000	0.066050
20.350000	0.067998
20.375000	0.069992
20.400000	0.072033
20.425000	0.074123
20.450000	0.076261
20.475000	0.078449
20.500000	0.080686
20.525000	0.082975
20.550000	0.085315
20.575000	0.087707
20.600000	0.090153
20.625000	0.092652
20.650000	0.095205
20.675000	0.097814
20.700000	0.100478
20.725000	0.103199
20.750000	0.105977
20.775000	0.108813
20.800000	0.111707
20.825000	0.114660
20.850000	0.117673
20.875000	0.120746
20.900000	0.123881
20.925000	0.127076
20.950000	0.130334
20.975000	0.133654
21.000000	0.137038
21.025000	0.140485
21.050000	0.143996
21.075000	0.147572
21.100000	0.151214
21.125000	0.154920
21.150000	0.158693
21.175000	0.162533
21.200000	0.166439
21.225000	0.170413
21.250000	0.174454
21.275000	0.178563
21.300000	0.182741
21.325000	0.186987
21.350000	0.191301
21.375000	0.195685
21.400000	0.200138
21.425000	0.204660
21.450000	0.209251
21.475000	0.213913
21.500000	0.218644
21.525000	0.223444
21.550000	0.228314
21.575000	0.233255
21.600000	0.238264
21.625000	0.243344
21.650000	0.248492
21.675000	0.253710
21.700000	0.258997
21.725000	0.264353
21.750000	0.269778
21.775000	0.275271
21.800000	0.280832
21.825000	0.286460
21.850000	0.292156
21.875000	0.297918
21.900000	0.303746
21.925000	0.309640
21.950000	0.315600
21.975000	0.321623
22.000000	0.327710
22.025000	0.333861
22.050000	0.340073
22.075000	0.346348
22.100000	0.352682
22.125000	0.359077
22.150000	0.365530
22.175000	0.372041
22.200000	0.378609
22.225000	0.385233
22.250000	0.391912
22.275000	0.398644
22.300000	0.405428
22.325000	0.412263
22.350000	0.419148
22.375000	0.426081
22.400000	0.433062
22.425000	0.440088
22.450000	0.447158
22.475000	0.454270
22.500000	0.461424
22.525000	0.468617
22.550000	0.475848
22.575000	0.483115
22.600000	0.490417
22.625000	0.497751
22.650000	0.505115
22.675000	0.512509
22.700000	0.519929
22.725000	0.527375
22.750000	0.534843
22.775000	0.542333
22.800000	0.549842
22.825000	0.557367
22.850000	0.564907
22.875000	0.572460
22.900000	0.580023
22.925000	0.587594
22.950000	0.595171
22.975000	0.602752
23.000000	0.610333
23.025000	0.617914
23.050000	0.625491
23.075000	0.633062
23.100000	0.640624
23.125000	0.648176
23.150000	0.655714
23.175000	0.663236
23.200000	0.670739
23.225000	0.678222
23.250000	0.685680
23.275000	0.693113
23.300000	0.700516
23.325000	0.707888
23.350000	0.715226
23.375000	0.722527
23.400000	0.729789
23.425000	0.737008
23.450000	0.744183
23.475000	0.751310
23.500000	0.758386
23.525000	0.765410
23.550000	0.772378
23.575000	0.779288
23.600000	0.786136
23.625000	0.792921
23.650000	0.799640
23.675000	0.806289
23.700000	0.812867
23.725000	0.819371
23.750000	0.825797
23.775000	0.832144
23.800000	0.838408
23.825000	0.844588
23.850000	0.850680
23.875000	0.856683
23.900000	0.862593
23.925000	0.868408
23.950000	0.874126
23.975000	0.879743
24.000000	0.885259
24.025000	0.890670
24.050000	0.895974
24.075000	0.901169
24.100000	0.906252
24.125000	0.911222
24.150000	0.916076
24.175000	0.920811
24.200000	0.925427
24.225000	0.929920
24.250000	0.934290
24.275000	0.938533
24.300000	0.942648
24.325000	0.946633
24.350000	0.950487
24.375000	0.954207
24.400000	0.957792
24.425000	0.961240
24.450000	0.964550
24.475000	0.967720
24.500000	0.970749
24.525000	0.973635
24.550000	0.976377
24.575000	0.978974
24.600000	0.981425
24.625000	0.983728
24.650000	0.985882
24.675000	0.987886
24.700000	0.989740
24.725000	0.991443
24.750000	0.992993
24.775000	0.994391
24.800000	0.995635
24.825000	0.996724
24.850000	0.997659
24.875000	0.998439
24.900000	0.999063
24.925000	0.999531
24.950000	0.999844
24.975000	1.000000
25.000000	1.000000
25.025000	0.999844
25.050000	0.999531
25.075000	0.999063
25.100000	0.998439
25.125000	0.997659
25.150000	0.996724
25.175000	0.995635
25.200000	0.994391
25.225000	0.992993
25.250000	0.991443
25.275000	0.989740
25.300000	0.987886
25.325000	0.985882
25.350000	0.983728
25.375000	0.981425
25.400000	0.978974
25.425000	0.976377
25.450000	0.973635
25.475000	0.970749
25.500000	0.967720
25.525000	0.964550
25.550000	0.961240
25.575000	0.957792
25.600000	0.954207
25.625000	0.950487
25.650000	0.946633
25.675000	0.942648
25.700000	0.938533
25.725000	0.934290
25.750000	0.929920
25.775000	0.925427
25.800000	0.920811
25.825000	0.916076
25.850000	0.911222
25.875000	0.906252
25.900000	0.901169
25.925000	0.895974
25.950000	0.890670
25.975000	0.885259
26.000000	0.879743
26.025000	0.874126
26.050000	0.868408
26.075000	0.862593
26.100000	0.856683
26.125000	0.850680
26.150000	0.844588
26.175000	0.838408
26.200000	0.832144
26.225000	0.825797
26.250000	0.819371
26.275000	0.812867
26.300000	0.806289
26.325000	0.799640
26.350000	0.792921
26.375000	0.786136
26.400000	0.779288
26.425000	0.772378
26.450000	0.765410
26.475000	0.758386
26.500000	0.751310
26.525000	0.744183
26.550000	0.737008
26.575000	0.729789
26.600000	0.722527
26.625000	0.715226
26.650000	0.707888
26.675000	0.700516
26.700000	0.693113
26.725000	0.685680
26.750000	0.678222
26.775000	0.670739
26.800000	0.663236
26.825000	0.655714
26.850000	0.648176
26.875000	0.640624
26.900000	0.633062
26.925000	0.625491
26.950000	0.617914
26.975000	0.610333
27.000000	0.602752
27.025000	0.595171
27.050000	0.587594
27.075000	0.580023
27.100000	0.572460
27.125000	0.564907
27.150000	0.557367
27.175000	0.549842
27.200000	0.542333
27.225000	0.534843
27.250000	0.527375
27.275000	0.519929
27.300000	0.512509
27.325000	0.505115
27.350000	0.497751
27.375000	0.490417
27.400000	0.483115
27.425000	0.475848
27.450000	0.468617
27.475000	0.461424
27.500000	0.454270
27.525000	0.447158
27.550000	0.440088
27.575000	0.433062
27.600000	0.426081
27.625000	0.419148
27.650000	0.412263
27.675000	0.405428
27.700000	0.398644
27.725000	0.391912
27.750000	0.385233
27.775000	0.378609
27.800000	0.372041
27.825000	0.365530
27.850000	0.359077
27.875000	0.352682
27.900000	0.346348
27.925000	0.340073
27.950000	0.333861
27.975000	0.327710
28.000000	0.321623
28.025000	0.315600
28.050000	0.309640
28.075000	0.303746
28.100000	0.297918
28.125000	0.292156
28.150000	0.286460
28.175000	0.280832
28.200000	0.275271
28.225000	0.269778
28.250000	0.264353
28.275000	0.258997
28.300000	0.253710
28.325000	0.248492
28.350000	0.243344
28.375000	0.238264
28.400000	0.233255
28.425000	0.228314
28.450000	0.223444
28.475000	0.218644
28.500000	0.213913
28.525000	0.209251
28.550000	0.204660
28.575000	0.200138
28.600000	0.195685
28.625000	0.191301
28.650000	0.186987
28.675000	0.182741
28.700000	0.178563
28.725000	0.174454
28.750000	0.170413
28.775000	0.166439
28.800000	0.162533
28.825000	0.158693
28.850000	0.154920
28.875000	0.151214
28.900000	0.147572
28.925000	0.143996
28.950000	0.140485
28.975000	0.137038
29.000000	0.133654
29.025000	0.130334
29.050000	0.127076
29.075000	0.123881
29.100000	0.120746
29.125000	0.117673
29.150000	0.114660
29.175000	0.111707
29.200000	0.108813
29.225000	0.105977
29.250000	0.103199
29.275000	0.100478
29.300000	0.097814
29.325000	0.095205
29.350000	0.092652
29.375000	0.090153
29.400000	0.087707
29.425000	0.085315
29.450000	0.082975
29.475000	0.080686
29.500000	0.078449
29.525000	0.076261
29.550000	0.074123
29.575000	0.072033
29.600000	0.069992
29.625000	0.067998
29.650000	0.066050
29.675000	0.064148
29.700000	0.062291
29.725000	0.060478
29.750000	0.058709
29.775000	0.056983
29.800000	0.055299
29.825000	0.053656
29.850000	0.052054
29.875000	0.050492
29.900000	0.048969
29.925000	0.047485
29.950000	0.046038
29.975000	0.044629
30.000000	0.043256
30.025000	0.041918
30.050000	0.040616
30.075000	0.039348
30.100000	0.038113
30.125000	0.036912
30.150000	0.035743
30.175000	0.034605
30.200000	0.033499
30.225000	0.032422
30.250000	0.031376
30.275000	0.030358
30.300000	0.029369
30.325000	0.028408
30.350000	0.027474
30.375000	0.026566
30.400000	0.025684
30.425000	0.024828
30.450000	0.023997
30.475000	0.023189
30.500000	0.022406
30.525000	0.021645
30.550000	0.020907
30.575000	0.020191
30.600000	0.019497
30.625000	0.018823
30.650000	0.018170
30.675000	0.017537
30.700000	0.016923
30.725000	0.016328
30.750000	0.015752
30.775000	0.015194
30.800000	0.014653
30.825000	0.014129
30.850000	0.013622
30.875000	0.013131
30.900000	0.012655
30.925000	0.012195
30.950000	0.011750
30.975000	0.011319
31.000000	0.010903
31.025000	0.010500
31.050000	0.010110
31.075000	0.009733
31.100000	0.009369
31.125000	0.009017
31.150000	0.008677
31.175000	0.008349
31.200000	0.008032
31.225000	0.007725
31.250000	0.007429
31.275000	0.007143
31.300000	0.006868
31.325000	0.006601
31.350000	0.006345
31.375000	0.006097
31.400000	0.005858
31.425000	0.005627
31.450000	0.005405
31.475000	0.005190
31.500000	0.004984
31.525000	0.004785
31.550000	0.004593
31.575000	0.004408
31.600000	0.004230
31.625000	0.004058
31.650000	0.003893
31.675000	0.003734
31.700000	0.003581
31.725000	0.003433
31.750000	0.003292
31.775000	0.003155
31.800000	0.003024
31.825000	0.002898
31.850000	0.002776
31.875000	0.002659
31.900000	0.002547
31.925000	0.002439
31.950000	0.002335
31.975000	0.002236
32.000000	0.002140
32.025000	0.002048
32.050000	0.001960
32.075000	0.001875
32.100000	0.001794
32.125000	0.001716
32.150000	0.001641
32.175000	0.001569
32.200000	0.001500
32.225000	0.001433
32.250000	0.001370
32.275000	0.001309
32.300000	0.001251
32.325000	0.001195
32.350000	0.001141
32.375000	0.001090
32.400000	0.001040
32.425000	0.000993
32.450000	0.000948
32.475000	0.000905
32.500000	0.000863
32.525000	0.000824
32.550000	0.000786
32.575000	0.000749
32.600000	0.000715
32.625000	0.000681
32.650000	0.000650
32.675000	0.000619
32.700000	0.000590
32.725000	0.000562
32.750000	0.000536
32.775000	0.000510
32.800000	0.000486
32.825000	0.000463
32.850000	0.000441
32.875000	0.000419
32.900000	0.000399
32.925000	0.000380
32.950000	0.000362
32.975000	0.000344
33.000000	0.000327
33.025000	0.000311
33.050000	0.000296
33.075000	0.000281
33.100000	0.000267
33.125000	0.000254
33.150000	0.000242
33.175000	0.000230
33.200000	0.000218
33.225000	0.000207
33.250000	0.000197
33.275000	0.000187
33.300000	0.000177
33.325000	0.000168
33.350000	0.000160
33.375000	0.000152
33.400000	0.000144
33.425000	0.000137
33.450000	0.000130
33.475000	0.000123
33.500000	0.000116
33.525000	0.000110
33.550000	0.000105
33.575000	0.000099
33.600000	0.000094
33.625000	0.000089
33.650000	0.000084
33.675000	0.000080
33.700000	0.000076
33.725000	0.000072
33.750000	0.000068
33.775000	0.000064
33.800000	0.000061
33.825000	0.000058
33.850000	0.000054
33.875000	0.000052
33.900000	0.000049
33.925000	0.000046
33.950000	0.000044
33.975000	0.000041
34.000000	0.000039
34.025000	0.000037
34.050000	0.000035
34.075000	0.000033
34.100000	0.000031
34.125000	0.000029
34.150000	0.000028
34.175000	0.000026
34.200000	0.000025
34.225000	0.000023
34.250000	0.000022
34.275000	0.000021
34.300000	0.000020
34.325000	0.000018
34.350000	0.000017
34.375000	0.000016
34.400000	0.000016
34.425000	0.000015
34.450000	0.000014
34.475000	0.000013
34.500000	0.000012
34.525000	0.000012
34.550000	0.000011
34.575000	0.000010
34.600000	0.000010
34.625000	0.000009
34.650000	0.000009
34.675000	0.000008
34.700000	0.000008
34.725000	0.000007
34.750000	0.000007
34.775000	0.000006
34.800000	0.000006
34.825000	0.000006
34.850000	0.000005
34.875000	0.000005
34.900000	0.000005
34.925000	0.000004
34.950000	0.000004
34.975000	0.000004
35.000000	0.000004
35.025000	0.000003
35.050000	0.000003
35.075000	0.000003
35.100000	0.000003
35.125000	0.000003
35.150000	0.000002
35.175000	0.000002
35.200000	0.000002
35.225000	0.000002
35.250000	0.000002
35.275000	0.000002
35.300000	0.000002
35.325000	0.000002
35.350000	0.000001
35.375000	0.000001
35.400000	0.000001
35.425000	0.000001
35.450000	0.000001
35.475000	0.000001
35.500000	0.000001
35.525000	0.000001
35.550000	0.000001
35.575000	0.000001
35.600000	0.000001
35.625000	0.000001
35.650000	0.000001
35.675000	0.000001
35.700000	0.000001
35.725000	0.000001
35.750000	0.000001
35.775000	0.000000
35.800000	0.000000
35.825000	0.000000
35.850000	0.000000
35.875000	0.000000
35.900000	0.000000
35.925000	0.000000
35.950000	0.000000
35.975000	0.000000
36.000000	0.000000
36.025000	0.000000
36.050000	0.000000
36.075000	0.000000
36.100000	0.000000
36.125000	0.000000
36.150000	0.000000
36.175000	0.000000
36.200000	0.000000
36.225000	0.000000
36.250000	0.000000
36.275000	0.000000
36.300000	0.000000
36.325000	0.000000
36.350000	0.000000
36.375000	0.000000
36.400000	0.000000
36.425000	0.000000
36.450000	0.000000
36.475000	0.000000
36.500000	0.000000
36.525000	0.000000
36.550000	0.000000
36.575000	0.000000
36.600000	0.000000
36.625000	0.000000
36.650000	0.000000
36.675000	0.000000
36.700000	0.000000
36.725000	0.000000
36.750000	0.000000
36.775000	0.000000
36.800000	0.000000
36.825000	0.000000
36.850000	0.000000
36.875000	0.000000
36.900000	0.000000
36.925000	0.000000
36.950000	0.000000
36.975000	0.000000
37.000000	0.000000
37.025000	0.000000
37.050000	0.000000
37.075000	0.000000
37.100000	0.000000
37.125000	0.000000
37.150000	0.000000
37.175000	0.000000
37.200000	0.000000
37.225000	0.000000
37.250000	0.000000
37.275000	0.000000
37.300000	0.000000
37.325000	0.000000
37.350000	0.000000
37.375000	0.000000
37.400000	0.000000
37.425000	0.000000
37.450000	0.000000
37.475000	0.000000
37.500000	0.000000
37.525000	0.000000
37.550000	0.000000
37.575000	0.000000
37.600000	0.000000
37.625000	0.000000
37.650000	0.000000
37.675000	0.000000
37.700000	0.000000
37.725000	0.000000
37.750000	0.000000
37.775000	0.000000
37.800000	0.000000
37.825000	0.000000
37.850000	0.000000
37.875000	0.000000
37.900000	0.000000
37.925000	0.000000
37.950000	0.000000
37.975000	0.000000
38.000000	0.000000
38.025000	0.000000
38.050000	0.000000
38.075000	0.000000
38.100000	0.000000
38.125000	0.000000
38.150000	0.000000
38.175000	0.000000
38.200000	0.000000
38.225000	0.000000
38.250000	0.000000
38.275000	0.000000
38.300000	0.000000
38.325000	0.000000
38.350000	0.000000
38.375000	0.000000
38.400000	0.000000
38.425000	0.000000
38.450000	0.000000
38.475000	0.000000
38.500000	0.000000
38.525000	0.000000
38.550000	0.000000
38.575000	0.000000
38.600000	0.000000
38.625000	0.000000
38.650000	0.000000
38.675000	0.000000
38.700000	0.000000
38.725000	0.000000
38.750000	0.000000
38.775000	0.000000
38.800000	0.000000
38.825000	0.000000
38.850000	0.000000
38.875000	0.000000
38.900000	0.000000
38.925000	0.000000
38.950000	0.000000
38.975000	0.000000
39.000000	0.000000
39.025000	0.000000
39.050000	0.000000
39.075000	0.000000
39.100000	0.000000
39.125000	0.000000
39.150000	0.000000
39.175000	0.000000
39.200000	0.000000
39.225000	0.000000
39.250000	0.000000
39.275000	0.000000
39.300000	0.000000
39.325000	0.000000
39.350000	0.000000
39.375000	0.000000
39.400000	0.000000
39.425000	0.000000
39.450000	0.000000
39.475000	0.000000
39.500000	0.000000
39.525000	0.000000
39.550000	0.000000
39.575000	0.000000
39.600000	0.000000
39.625000	0.000000
39.650000	0.000000
39.675000	0.000000
39.700000	0.000000
39.725000	0.000000
39.750000	0.000000
39.775000	0.000000
39.800000	0.000000
39.825000	0.000000
39.850000	0.000000
39.875000	0.000000
39.900000	0.000000
39.925000	0.000000
39.950000	0.000000
39.975000	0.000000
40.000000	0.000000
40.025000	0.000000
40.050000	0.000000
40.075000	0.000000
40.100000	0.000000
40.125000	0.000000
40.150000	0.000000
40.175000	0.000000
40.200000	0.000000
40.225000	0.000000
40.250000	0.000000
40.275000	0.000000
40.300000	0.000000
40.325000	0.000000
40.350000	0.000000
40.375000	0.000000
40.400000	0.000000
40.425000	0.000000
40.450000	0.000000
40.475000	0.000000
40.500000	0.000000
40.525000	0.000000
40.550000	0.000000
40.575000	0.000000
40.600000	0.000000
40.625000	0.000000
40.650000	0.000000
40.675000	0.000000
40.700000	0.000000
40.725000	0.000000
40.750000	0.000000
40.775000	0.000000
40.800000	0.000000
40.825000	0.000000
40.850000	0.000000
40.875000	0.000000
40.900000	0.000000
40.925000	0.000000
40.950000	0.000000
40.975000	0.000000
41.000000	0.000000
41.025000	0.000000
41.050000	0.000000
41.075000	0.000000
41.100000	0.000000
41.125000	0.000000
41.150000	0.000000
41.175000	0.000000
41.200000	0.000000
41.225000	0.000000
41.250000	0.000000
41.275000	0.000000
41.300000	0.000000
41.325000	0.000000
41.350000	0.000000
41.375000	0.000000
41.400000	0.000000
41.425000	0.000000
41.450000	0.000000
41.475000	0.000000
41.500000	0.000000
41.525000	0.000000
41.550000	0.000000
41.575000	0.000000
41.600000	0.000000
41.625000	0.000000
41.650000	0.000000
41.675000	0.000000
41.700000	0.000000
41.725000	0.000000
41.750000	0.000000
41.775000	0.000000
41.800000	0.000000
41.825000	0.000000
41.850000	0.000000
41.875000	0.000000
41.900000	0.000000
41.925000	0.000000
41.950000	0.000000
41.975000	0.000000
42.000000	0.000000
42.025000	0.000000
42.050000	0.000000
42.075000	0.000000
42.100000	0.000000
42.125000	0.000000
42.150000	0.000000
42.175000	0.000000
42.200000	0.000000
42.225000	0.000000
42.250000	0.000000
42.275000	0.000000
42.300000	0.000000
42.325000	0.000000
42.350000	0.000000
42.375000	0.000000
42.400000	0.000000
42.425000	0.000000
42.450000	0.000000
42.475000	0.000000
42.500000	0.000000
42.525000	0.000000
42.550000	0.000000
42.575000	0.000000
42.600000	0.000000
42.625000	0.000000
42.650000	0.000000
42.675000	0.000000
42.700000	0.000000
42.725000	0.000000
42.750000	0.000000
42.775000	0.000000
42.800000	0.000000
42.825000	0.000000
42.850000	0.000000
42.875000	0.000000
42.900000	0.000000
42.925000	0.000000
42.950000	0.000000
42.975000	0.000000
43.000000	0.000000
43.025000	0.000000
43.050000	0.000000
43.075000	0.000000
43.100000	0.000000
43.125000	0.000000
43.150000	0.000000
43.175000	0.000000
43.200000	0.000000
43.225000	0.000000
43.250000	0.000000
43.275000	0.000000
43.300000	0.000000
43.325000	0.000000
43.350000	0.000000
43.375000	0.000000
43.400000	0.000000
43.425000	0.000000
43.450000	0.000000
43.475000	0.000000
43.500000	0.000000
43.525000	0.000000
43.550000	0.000000
43.575000	0.000000
43.600000	0.000000
43.625000	0.000000
43.650000	0.000000
43.675000	0.000000
43.700000	0.000000
43.725000	0.000000
43.750000	0.000000
43.775000	0.000000
43.800000	0.000000
43.825000	0.000000
43.850000	0.000000
43.875000	0.000000
43.900000	0.000000
43.925000	0.000000
43.950000	0.000000
43.975000	0.000000
44.000000	0.000000
44.025000	0.000000
44.050000	0.000000
44.075000	0.000000
44.100000	0.000000
44.125000	0.000000
44.150000	0.000000
44.175000	0.000000
44.200000	0.000000
44.225000	0.000000
44.250000	0.000000
44.275000	0.000000
44.300000	0.000000
44.325000	0.000000
44.350000	0.000000
44.375000	0.000000
44.400000	0.000000
44.425000	0.000000
44.450000	0.000000
44.475000	0.000000
44.500000	0.000000
44.525000	0.000000
44.550000	0.000000
44.575000	0.000000
44.600000	0.000000
44.625000	0.000000
44.650000	0.000000
44.675000	0.000000
44.700000	0.000000
44.725000	0.000000
44.750000	0.000000
44.775000	0.000000
44.800000	0.000000
44.825000	0.000000
44.850000	0.000000
44.875000	0.000000
44.900000	0.000000
44.925000	0.000000
44.950000	0.000000
44.975000	0.000000
45.000000	0.000000
45.025000	0.000000
45.050000	0.000000
45.075000	0.000000
45.100000	0.000000
45.125000	0.000000
45.150000	0.000000
45.175000	0.000000
45.200000	0.000000
45.225000	0.000000
45.250000	0.000000
45.275000	0.000000
45.300000	0.000000
45.325000	0.000000
45.350000	0.000000
45.375000	0.000000
45.400000	0.000000
45.425000	0.000000
45.450000	0.000000
45.475000	0.000000
45.500000	0.000000
45.525000	0.000000
45.550000	0.000000
45.575000	0.000000
45.600000	0.000000
45.625000	0.000000
45.650000	0.000000
45.675000	0.000000
45.700000	0.000000
45.725000	0.000000
45.750000	0.000000
45.775000	0.000000
45.800000	0.000000
45.825000	0.000000
45.850000	0.000000
45.875000	0.000000
45.900000	0.000000
45.925000	0.000000
45.950000	0.000000
45.975000	0.000000
46.000000	0.000000
46.025000	0.000000
46.050000	0.000000
46.075000	0.000000
46.100000	0.000000
46.125000	0.000000
46.150000	0.000000
46.175000	0.000000
46.200000	0.000000
46.225000	0.000000
46.250000	0.000000
46.275000	0.000000
46.300000	0.000000
46.325000	0.000000
46.350000	0.000000
46.375000	0.000000
46.400000	0.000000
46.425000	0.000000
46.450000	0.000000
46.475000	0.000000
46.500000	0.000000
46.525000	0.000000
46.550000	0.000000
46.575000	0.000000
46.600000	0.000000
46.625000	0.000000
46.650000	0.000000
46.675000	0.000000
46.700000	0.000000
46.725000	0.000000
46.750000	0.000000
46.775000	0.000000
46.800000	0.000000
46.825000	0.000000
46.850000	0.000000
46.875000	0.000000
46.900000	0.000000
46.925000	0.000000
46.950000	0.000000
46.975000	0.000000
47.000000	0.000000
47.025000	0.000000
47.050000	0.000000
47.075000	0.000000
47.100000	0.000000
47.125000	0.000000
47.150000	0.000000
47.175000	0.000000
47.200000	0.000000
47.225000	0.000000
47.250000	0.000000
47.275000	0.000000
47.300000	0.000000
47.325000	0.000000
47.350000	0.000000
47.375000	0.000000
47.400000	0.000000
47.425000	0.000000
47.450000	0.000000
47.475000	0.000000
47.500000	0.000000
47.525000	0.000000
47.550000	0.000000
47.575000	0.000000
47.600000	0.000000
47.625000	0.000000
47.650000	0.000000
47.675000	0.000000
47.700000	0.000000
47.725000	0.000000
47.750000	0.000000
47.775000	0.000000
47.800000	0.000000
47.825000	0.000000
47.850000	0.000000
47.875000	0.000000
47.900000	0.000000
47.925000	0.000000
47.950000	0.000000
47.975000	0.000000
48.000000	0.000000
48.025000	0.000000
48.050000	0.000000
48.075000	0.000000
48.100000	0.000000
48.125000	0.000000
48.150000	0.000000
48.175000	0.000000
48.200000	0.000000
48.225000	0.000000
48.250000	0.000000
48.275000	0.000000
48.300000	0.000000
48.325000	0.000000
48.350000	0.000000
48.375000	0.000000
48.400000	0.000000
48.425000	0.000000
48.450000	0.000000
48.475000	0.000000
48.500000	0.000000
48.525000	0.000000
48.550000	0.000000
48.575000	0.000000
48.600000	0.000000
48.625000	0.000000
48.650000	0.000000
48.675000	0.000000
48.700000	0.000000
48.725000	0.000000
48.750000	0.000000
48.775000	0.000000
48.800000	0.000000
48.825000	0.000000
48.850000	0.000000
48.875000	0.000000
48.900000	0.000000
48.925000	0.000000
48.950000	0.000000
48.975000	0.000000
49.000000	0.000000
49.025000	0.000000
49.050000	0.000000
49.075000	0.000000
49.100000	0.000000
49.125000	0.000000
49.150000	0.000000
49.175000	0.000000
49.200000	0.000000
49.225000	0.000000
49.250000	0.000000
49.275000	0.000000
49.300000	0.000000
49.325000	0.000000
49.350000	0.000000
49.375000	0.000000
49.400000	0.000000
49.425000	0.000000
49.450000	0.000000
49.475000	0.000000
49.500000	0.000000
49.525000	0.000000
49.550000	0.000000
49.575000	0.000000
49.600000	0.000000
49.625000	0.000000
49.650000	0.000000
49.675000	0.000000
49.700000	0.000000
49.725000	0.000000
49.750000	0.000000
49.775000	0.000000
49.800000	0.000000
49.825000	0.000000
49.850000	0.000000
49.875000	0.000000
49.900000	0.000000
49.925000	0.000000
49.950000	0.000000
49.975000	0.000000
