0.000000	-0.000000
0.025000	-0.000160
0.050000	-0.000320
0.075000	-0.000480
0.100000	-0.000640
0.125000	-0.000800
0.150000	-0.000960
0.175000	-0.001121
0.200000	-0.001281
0.225000	-0.001441
0.250000	-0.001601
0.275000	-0.001761
0.300000	-0.001921
0.325000	-0.002081
0.350000	-0.002241
0.375000	-0.002401
0.400000	-0.002562
0.425000	-0.002722
0.450000	-0.002882
0.475000	-0.003042
0.500000	-0.003202
0.525000	-0.003363
0.550000	-0.003523
0.575000	-0.003683
0.600000	-0.003843
0.625000	-0.004004
0.650000	-0.004164
0.675000	-0.004324
0.700000	-0.004485
0.725000	-0.004645
0.750000	-0.004806
0.775000	-0.004966
0.800000	-0.005127
0.825000	-0.005287
0.850000	-0.005448
0.875000	-0.005608
0.900000	-0.005769
0.925000	-0.005929
0.950000	-0.006090
0.975000	-0.006251
1.000000	-0.006411
1.025000	-0.006572
1.050000	-0.006733
1.075000	-0.006894
1.100000	-0.007055
1.125000	-0.007216
1.150000	-0.007377
1.175000	-0.007537
1.200000	-0.007698
1.225000	-0.007860
1.250000	-0.008021
1.275000	-0.008182
1.300000	-0.008343
1.325000	-0.008504
1.350000	-0.008665
1.375000	-0.008827
1.400000	-0.008988
1.425000	-0.009149
1.450000	-0.009311
1.475000	-0.009472
1.500000	-0.009634
1.525000	-0.009796
1.550000	-0.009957
1.575000	-0.010119
1.600000	-0.010281
1.625000	-0.010442
1.650000	-0.010604
1.675000	-0.010766
1.700000	-0.010928
1.725000	-0.011090
1.750000	-0.011252
1.775000	-0.011414
1.800000	-0.011577
1.825000	-0.011739
1.850000	-0.011901
1.875000	-0.012064
1.900000	-0.012226
1.925000	-0.012389
1.950000	-0.012551
1.975000	-0.012714
2.000000	-0.012877
2.025000	-0.013039
2.050000	-0.013202
2.075000	-0.013365
2.100000	-0.013528
2.125000	-0.013691
2.150000	-0.013854
2.175000	-0.014018
2.200000	-0.014181
2.225000	-0.014344
2.250000	-0.014508
2.275000	-0.014671
2.300000	-0.014835
2.325000	-0.014998
2.350000	-0.015162
2.375000	-0.015326
2.400000	-0.015490
2.425000	-0.015654
2.450000	-0.015818
2.475000	-0.015982
2.500000	-0.016146
2.525000	-0.016311
2.550000	-0.016475
2.575000	-0.016640
2.600000	-0.016804
2.625000	-0.016969
2.650000	-0.017134
2.675000	-0.017299
2.700000	-0.017463
2.725000	-0.017629
2.750000	-0.017794
2.775000	-0.017959
2.800000	-0.018124
2.825000	-0.018290
2.850000	-0.018455
2.875000	-0.018621
2.900000	-0.018787
2.925000	-0.018952
2.950000	-0.019118
2.975000	-0.019284
3.000000	-0.019451
3.025000	-0.019617
3.050000	-0.019783
3.075000	-0.019950
3.100000	-0.020116
3.125000	-0.020283
3.150000	-0.020450
3.175000	-0.020617
3.200000	-0.020784
3.225000	-0.020951
3.250000	-0.021118
3.275000	-0.021285
3.300000	-0.021453
3.325000	-0.021620
3.350000	-0.021788
3.375000	-0.021956
3.400000	-0.022124
3.425000	-0.022292
3.450000	-0.022460
3.475000	-0.022628
3.500000	-0.022797
3.525000	-0.022965
3.550000	-0.023134
3.575000	-0.023303
3.600000	-0.023472
3.625000	-0.023641
3.650000	-0.023810
3.675000	-0.023979
3.700000	-0.024149
3.725000	-0.024318
3.750000	-0.024488
3.775000	-0.024658
3.800000	-0.024828
3.825000	-0.024998
3.850000	-0.025168
3.875000	-0.025339
3.900000	-0.025509
3.925000	-0.025680
3.950000	-0.025851
3.975000	-0.026022
4.000000	-0.026193
4.025000	-0.026364
4.050000	-0.026536
4.075000	-0.026707
4.100000	-0.026879
4.125000	-0.027051
4.150000	-0.027223
4.175000	-0.027395
4.200000	-0.027567
4.225000	-0.027740
4.250000	-0.027912
4.275000	-0.028085
4.300000	-0.028258
4.325000	-0.028431
4.350000	-0.028604
4.375000	-0.028778
4.400000	-0.028951
4.425000	-0.029125
4.450000	-0.029299
4.475000	-0.029473
4.500000	-0.029647
4.525000	-0.029822
4.550000	-0.029996
4.575000	-0.030171
4.600000	-0.030346
4.625000	-0.030521
4.650000	-0.030696
4.675000	-0.030872
4.700000	-0.031047
4.725000	-0.031223
4.750000	-0.031399
4.775000	-0.031575
4.800000	-0.031752
4.825000	-0.031928
4.850000	-0.032105
4.875000	-0.032282
4.900000	-0.032459
4.925000	-0.032636
4.950000	-0.032813
4.975000	-0.032991
5.000000	-0.033169
5.025000	-0.033347
5.050000	-0.033525
5.075000	-0.033704
5.100000	-0.033882
5.125000	-0.034061
5.150000	-0.034240
5.175000	-0.034419
5.200000	-0.034599
5.225000	-0.034778
5.250000	-0.034958
5.275000	-0.035138
5.300000	-0.035318
5.325000	-0.035499
5.350000	-0.035679
5.375000	-0.035860
5.400000	-0.036041
5.425000	-0.036222
5.450000	-0.036404
5.475000	-0.036585
5.500000	-0.036767
5.525000	-0.036949
5.550000	-0.037132
5.575000	-0.037314
5.600000	-0.037497
5.625000	-0.037680
5.650000	-0.037863
5.675000	-0.038047
5.700000	-0.038231
5.725000	-0.038414
5.750000	-0.038599
5.775000	-0.038783
5.800000	-0.038968
5.825000	-0.039152
5.850000	-0.039338
5.875000	-0.039523
5.900000	-0.039708
5.925000	-0.039894
5.950000	-0.040080
5.975000	-0.040266
6.000000	-0.040453
6.025000	-0.040640
6.050000	-0.040827
6.075000	-0.041014
6.100000	-0.041202
6.125000	-0.041389
6.150000	-0.041577
6.175000	-0.041766
6.200000	-0.041954
6.225000	-0.042143
6.250000	-0.042332
6.275000	-0.042521
6.300000	-0.042711
6.325000	-0.042901
6.350000	-0.043091
6.375000	-0.043281
6.400000	-0.043472
6.425000	-0.043663
6.450000	-0.043854
6.475000	-0.044045
6.500000	-0.044237
6.525000	-0.044429
6.550000	-0.044621
6.575000	-0.044814
6.600000	-0.045007
6.625000	-0.045200
6.650000	-0.045393
6.675000	-0.045587
6.700000	-0.045781
6.725000	-0.045975
6.750000	-0.046170
6.775000	-0.046365
6.800000	-0.046560
6.825000	-0.046756
6.850000	-0.046951
6.875000	-0.047147
6.900000	-0.047344
6.925000	-0.047540
6.950000	-0.047737
6.975000	-0.047935
7.000000	-0.048132
7.025000	-0.048330
7.050000	-0.048528
7.075000	-0.048727
7.100000	-0.048926
7.125000	-0.049125
7.150000	-0.049324
7.175000	-0.049524
7.200000	-0.049724
7.225000	-0.049925
7.250000	-0.050126
7.275000	-0.050327
7.300000	-0.050528
7.325000	-0.050730
7.350000	-0.050932
7.375000	-0.051134
7.400000	-0.051337
7.425000	-0.051540
7.450000	-0.051744
7.475000	-0.051948
7.500000	-0.052152
7.525000	-0.052356
7.550000	-0.052561
7.575000	-0.052766
7.600000	-0.052972
7.625000	-0.053178
7.650000	-0.053384
7.675000	-0.053591
7.700000	-0.053798
7.725000	-0.054005
7.750000	-0.054213
7.775000	-0.054421
7.800000	-0.054629
7.825000	-0.054838
7.850000	-0.055048
7.875000	-0.055257
7.900000	-0.055467
7.925000	-0.055677
7.950000	-0.055888
7.975000	-0.056099
8.000000	-0.056311
8.025000	-0.056523
8.050000	-0.056735
8.075000	-0.056948
8.100000	-0.057161
8.125000	-0.057374
8.150000	-0.057588
8.175000	-0.057803
8.200000	-0.058017
8.225000	-0.058232
8.250000	-0.058448
8.275000	-0.058664
8.300000	-0.058880
8.325000	-0.059097
8.350000	-0.059314
8.375000	-0.059532
8.400000	-0.059750
8.425000	-0.059968
8.450000	-0.060187
8.475000	-0.060407
8.500000	-0.060626
8.525000	-0.060847
8.550000	-0.061067
8.575000	-0.061288
8.600000	-0.061510
8.625000	-0.061732
8.650000	-0.061954
8.675000	-0.062177
8.700000	-0.062401
8.725000	-0.062625
8.750000	-0.062849
8.775000	-0.063074
8.800000	-0.063299
8.825000	-0.063524
8.850000	-0.063751
8.875000	-0.063977
8.900000	-0.064204
8.925000	-0.064432
8.950000	-0.064660
8.975000	-0.064888
9.000000	-0.065117
9.025000	-0.065347
9.050000	-0.065577
9.075000	-0.065808
9.100000	-0.066039
9.125000	-0.066270
9.150000	-0.066502
9.175000	-0.066735
9.200000	-0.066968
9.225000	-0.067201
9.250000	-0.067435
9.275000	-0.067670
9.300000	-0.067905
9.325000	-0.068141
9.350000	-0.068377
9.375000	-0.068614
9.400000	-0.068851
9.425000	-0.069089
9.450000	-0.069327
9.475000	-0.069566
9.500000	-0.069805
9.525000	-0.070045
9.550000	-0.070286
9.575000	-0.070527
9.600000	-0.070769
9.625000	-0.071011
9.650000	-0.071254
9.675000	-0.071497
9.700000	-0.071741
9.725000	-0.071985
9.750000	-0.072230
9.775000	-0.072476
9.800000	-0.072722
9.825000	-0.072969
9.850000	-0.073217
9.875000	-0.073465
9.900000	-0.073713
9.925000	-0.073963
9.950000	-0.074213
9.975000	-0.074463
10.000000	-0.074714
10.025000	-0.074966
10.050000	-0.075218
10.075000	-0.075471
10.100000	-0.075725
10.125000	-0.075979
10.150000	-0.076234
10.175000	-0.076490
10.200000	-0.076746
10.225000	-0.077003
10.250000	-0.077260
10.275000	-0.077518
10.300000	-0.077777
10.325000	-0.078037
10.350000	-0.078297
10.375000	-0.078558
10.400000	-0.078819
10.425000	-0.079081
10.450000	-0.079344
10.475000	-0.079608
10.500000	-0.079872
10.525000	-0.080137
10.550000	-0.080403
10.575000	-0.080669
10.600000	-0.080936
10.625000	-0.081204
10.650000	-0.081473
10.675000	-0.081742
10.700000	-0.082012
10.725000	-0.082283
10.750000	-0.082554
10.775000	-0.082827
10.800000	-0.083100
10.825000	-0.083373
10.850000	-0.083648
10.875000	-0.083923
10.900000	-0.084199
10.925000	-0.084476
10.950000	-0.084754
10.975000	-0.085032
11.000000	-0.085311
11.025000	-0.085591
11.050000	-0.085872
11.075000	-0.086153
11.100000	-0.086436
11.125000	-0.086719
11.150000	-0.087003
11.175000	-0.087288
11.200000	-0.087574
11.225000	-0.087860
11.250000	-0.088147
11.275000	-0.088436
11.300000	-0.088725
11.325000	-0.089015
11.350000	-0.089305
11.375000	-0.089597
11.400000	-0.089890
11.425000	-0.090183
11.450000	-0.090477
11.475000	-0.090772
11.500000	-0.091069
11.525000	-0.091366
11.550000	-0.091663
11.575000	-0.091962
11.600000	-0.092262
11.625000	-0.092563
11.650000	-0.092864
11.675000	-0.093167
11.700000	-0.093470
11.725000	-0.093775
11.750000	-0.094080
11.775000	-0.094386
11.800000	-0.094694
11.825000	-0.095002
11.850000	-0.095311
11.875000	-0.095622
11.900000	-0.095933
11.925000	-0.096245
11.950000	-0.096558
11.975000	-0.096873
12.000000	-0.097188
12.025000	-0.097504
12.050000	-0.097822
12.075000	-0.098140
12.100000	-0.098460
12.125000	-0.098780
12.150000	-0.099102
12.175000	-0.099425
12.200000	-0.099749
12.225000	-0.100074
12.250000	-0.100400
12.275000	-0.100727
12.300000	-0.101055
12.325000	-0.101384
12.350000	-0.101715
12.375000	-0.102046
12.400000	-0.102379
12.425000	-0.102713
12.450000	-0.103048
12.475000	-0.103384
12.500000	-0.103722
12.525000	-0.104060
12.550000	-0.104400
12.575000	-0.104741
12.600000	-0.105083
12.625000	-0.105427
12.650000	-0.105771
12.675000	-0.106117
12.700000	-0.106464
12.725000	-0.106813
12.750000	-0.107162
12.775000	-0.107513
12.800000	-0.107866
12.825000	-0.108219
12.850000	-0.108574
12.875000	-0.108930
12.900000	-0.109287
12.925000	-0.109646
12.950000	-0.110006
12.975000	-0.110368
13.000000	-0.110731
13.025000	-0.111095
13.050000	-0.111461
13.075000	-0.111828
13.100000	-0.112196
13.125000	-0.112566
13.150000	-0.112937
13.175000	-0.113310
13.200000	-0.113684
13.225000	-0.114059
13.250000	-0.114436
13.275000	-0.114815
13.300000	-0.115195
13.325000	-0.115576
13.350000	-0.115959
13.375000	-0.116344
13.400000	-0.116730
13.425000	-0.117118
13.450000	-0.117507
13.475000	-0.117898
13.500000	-0.118290
13.525000	-0.118684
13.550000	-0.119080
13.575000	-0.119477
13.600000	-0.119876
13.625000	-0.120276
13.650000	-0.120678
13.675000	-0.121082
13.700000	-0.121488
13.725000	-0.121895
13.750000	-0.122304
13.775000	-0.122715
13.800000	-0.123127
13.825000	-0.123541
13.850000	-0.123957
13.875000	-0.124375
13.900000	-0.124795
13.925000	-0.125216
13.950000	-0.125639
13.975000	-0.126064
14.000000	-0.126491
14.025000	-0.126920
14.050000	-0.127351
14.075000	-0.127783
14.100000	-0.128218
14.125000	-0.128654
14.150000	-0.129093
14.175000	-0.129533
14.200000	-0.129976
14.225000	-0.130420
14.250000	-0.130867
14.275000	-0.131315
14.300000	-0.131766
14.325000	-0.132219
14.350000	-0.132674
14.375000	-0.133130
14.400000	-0.133590
14.425000	-0.134051
14.450000	-0.134514
14.475000	-0.134980
14.500000	-0.135448
14.525000	-0.135918
14.550000	-0.136390
14.575000	-0.136865
14.600000	-0.137342
14.625000	-0.137821
14.650000	-0.138303
14.675000	-0.138787
14.700000	-0.139273
14.725000	-0.139762
14.750000	-0.140253
14.775000	-0.140747
14.800000	-0.141243
14.825000	-0.141741
14.850000	-0.142243
14.875000	-0.142746
14.900000	-0.143253
14.925000	-0.143762
14.950000	-0.144273
14.975000	-0.144787
15.000000	-0.145304
15.025000	-0.145824
15.050000	-0.146346
15.075000	-0.146871
15.100000	-0.147399
15.125000	-0.147930
15.150000	-0.148463
15.175000	-0.149000
15.200000	-0.149539
15.225000	-0.150081
15.250000	-0.150626
15.275000	-0.151174
15.300000	-0.151726
15.325000	-0.152280
15.350000	-0.152837
15.375000	-0.153398
15.400000	-0.153961
15.425000	-0.154528
15.450000	-0.155098
15.475000	-0.155671
15.500000	-0.156248
15.525000	-0.156828
15.550000	-0.157411
15.575000	-0.157998
15.600000	-0.158588
15.625000	-0.159182
15.650000	-0.159779
15.675000	-0.160379
15.700000	-0.160983
15.725000	-0.161591
15.750000	-0.162203
15.775000	-0.162818
15.800000	-0.163437
15.825000	-0.164060
15.850000	-0.164686
15.875000	-0.165317
15.900000	-0.165951
15.925000	-0.166590
15.950000	-0.167232
15.975000	-0.167879
16.000000	-0.168529
16.025000	-0.169184
16.050000	-0.169843
16.075000	-0.170506
16.100000	-0.171174
16.125000	-0.171846
16.150000	-0.172522
16.175000	-0.173203
16.200000	-0.173889
16.225000	-0.174579
16.250000	-0.175273
16.275000	-0.175973
16.300000	-0.176677
16.325000	-0.177386
16.350000	-0.178100
16.375000	-0.178818
16.400000	-0.179542
16.425000	-0.180271
16.450000	-0.181005
16.475000	-0.181744
16.500000	-0.182489
16.525000	-0.183238
16.550000	-0.183994
16.575000	-0.184754
16.600000	-0.185520
16.625000	-0.186292
16.650000	-0.187070
16.675000	-0.187853
16.700000	-0.188642
16.725000	-0.189437
16.750000	-0.190238
16.775000	-0.191046
16.800000	-0.191859
16.825000	-0.192678
16.850000	-0.193504
16.875000	-0.194337
16.900000	-0.195175
16.925000	-0.196021
16.950000	-0.196873
16.975000	-0.197732
17.000000	-0.198597
17.025000	-0.199470
17.050000	-0.200350
17.075000	-0.201237
17.100000	-0.202131
17.125000	-0.203032
17.150000	-0.203941
17.175000	-0.204858
17.200000	-0.205782
17.225000	-0.206714
17.250000	-0.207653
17.275000	-0.208601
17.300000	-0.209557
17.325000	-0.210521
17.350000	-0.211493
17.375000	-0.212474
17.400000	-0.213463
17.425000	-0.214461
17.450000	-0.215468
17.475000	-0.216483
17.500000	-0.217508
17.525000	-0.218542
17.550000	-0.219585
17.575000	-0.220637
17.600000	-0.221699
17.625000	-0.222771
17.650000	-0.223853
17.675000	-0.224944
17.700000	-0.226046
17.725000	-0.227157
17.750000	-0.228279
17.775000	-0.229412
17.800000	-0.230555
17.825000	-0.231709
17.850000	-0.232874
17.875000	-0.234050
17.900000	-0.235237
17.925000	-0.236435
17.950000	-0.237645
17.975000	-0.238867
18.000000	-0.240100
18.025000	-0.241345
18.050000	-0.242603
18.075000	-0.243873
18.100000	-0.245155
18.125000	-0.246449
18.150000	-0.247757
18.175000	-0.249077
18.200000	-0.250411
18.225000	-0.251757
18.250000	-0.253117
18.275000	-0.254491
18.300000	-0.255878
18.325000	-0.257279
18.350000	-0.258695
18.375000	-0.260124
18.400000	-0.261568
18.425000	-0.263026
18.450000	-0.264499
18.475000	-0.265987
18.500000	-0.267490
18.525000	-0.269007
18.550000	-0.270541
18.575000	-0.272090
18.600000	-0.273654
18.625000	-0.275234
18.650000	-0.276830
18.675000	-0.278443
18.700000	-0.280071
18.725000	-0.281716
18.750000	-0.283378
18.775000	-0.285057
18.800000	-0.286752
18.825000	-0.288464
18.850000	-0.290194
18.875000	-0.291940
18.900000	-0.293705
18.925000	-0.295487
18.950000	-0.297286
18.975000	-0.299104
19.000000	-0.300939
19.025000	-0.302793
19.050000	-0.304664
19.075000	-0.306555
19.100000	-0.308463
19.125000	-0.310390
19.150000	-0.312336
19.175000	-0.314300
19.200000	-0.316284
19.225000	-0.318286
19.250000	-0.320307
19.275000	-0.322348
19.300000	-0.324407
19.325000	-0.326486
19.350000	-0.328584
19.375000	-0.330701
19.400000	-0.332837
19.425000	-0.334993
19.450000	-0.337168
19.475000	-0.339363
19.500000	-0.341577
19.525000	-0.343810
19.550000	-0.346063
19.575000	-0.348335
19.600000	-0.350626
19.625000	-0.352937
19.650000	-0.355266
19.675000	-0.357615
19.700000	-0.359983
19.725000	-0.362370
19.750000	-0.364776
19.775000	-0.367200
19.800000	-0.369643
19.825000	-0.372105
19.850000	-0.374584
19.875000	-0.377082
19.900000	-0.379598
19.925000	-0.382132
19.950000	-0.384683
19.975000	-0.387251
20.000000	-0.389837
20.025000	-0.392439
20.050000	-0.395058
20.075000	-0.397693
20.100000	-0.400344
20.125000	-0.403011
20.150000	-0.405693
20.175000	-0.408389
20.200000	-0.411100
20.225000	-0.413826
20.250000	-0.416565
20.275000	-0.419317
20.300000	-0.422082
20.325000	-0.424859
20.350000	-0.427649
20.375000	-0.430449
20.400000	-0.433260
20.425000	-0.436082
20.450000	-0.438913
20.475000	-0.441753
20.500000	-0.444601
20.525000	-0.447458
20.550000	-0.450321
20.575000	-0.453191
20.600000	-0.456066
20.625000	-0.458946
20.650000	-0.461831
20.675000	-0.464719
20.700000	-0.467609
20.725000	-0.470502
20.750000	-0.473395
20.775000	-0.476288
20.800000	-0.479180
20.825000	-0.482071
20.850000	-0.484959
20.875000	-0.487843
20.900000	-0.490723
20.925000	-0.493597
20.950000	-0.496464
20.975000	-0.499323
21.000000	-0.502174
21.025000	-0.505014
21.050000	-0.507844
21.075000	-0.510661
21.100000	-0.513465
21.125000	-0.516254
21.150000	-0.519027
21.175000	-0.521783
21.200000	-0.524520
21.225000	-0.527238
21.250000	-0.529935
21.275000	-0.532610
21.300000	-0.535260
21.325000	-0.537886
21.350000	-0.540485
21.375000	-0.543057
21.400000	-0.545599
21.425000	-0.548110
21.450000	-0.550589
21.475000	-0.553034
21.500000	-0.555444
21.525000	-0.557817
21.550000	-0.560152
21.575000	-0.562447
21.600000	-0.564700
21.625000	-0.566911
21.650000	-0.569076
21.675000	-0.571196
21.700000	-0.573267
21.725000	-0.575289
21.750000	-0.577260
21.775000	-0.579178
21.800000	-0.581041
21.825000	-0.582848
21.850000	-0.584598
21.875000	-0.586287
21.900000	-0.587916
21.925000	-0.589481
21.950000	-0.590982
21.975000	-0.592416
22.000000	-0.593783
22.025000	-0.595079
22.050000	-0.596304
22.075000	-0.597456
22.100000	-0.598533
22.125000	-0.599533
22.150000	-0.600455
22.175000	-0.601297
22.200000	-0.602057
22.225000	-0.602734
22.250000	-0.603326
22.275000	-0.603832
22.300000	-0.604249
22.325000	-0.604576
22.350000	-0.604811
22.375000	-0.604954
22.400000	-0.605001
22.425000	-0.604953
22.450000	-0.604806
22.475000	-0.604561
22.500000	-0.604214
22.525000	-0.603765
22.550000	-0.603213
22.575000	-0.602555
22.600000	-0.601791
22.625000	-0.600919
22.650000	-0.599938
22.675000	-0.598846
22.700000	-0.597643
22.725000	-0.596326
22.750000	-0.594896
22.775000	-0.593350
22.800000	-0.591687
22.825000	-0.589907
22.850000	-0.588008
22.875000	-0.585990
22.900000	-0.583851
22.925000	-0.581590
22.950000	-0.579208
22.975000	-0.576702
23.000000	-0.574072
23.025000	-0.571317
23.050000	-0.568437
23.075000	-0.565431
23.100000	-0.562299
23.125000	-0.559040
23.150000	-0.555653
23.175000	-0.552138
23.200000	-0.548494
23.225000	-0.544723
23.250000	-0.540822
23.275000	-0.536792
23.300000	-0.532633
23.325000	-0.528345
23.350000	-0.523928
23.375000	-0.519381
23.400000	-0.514706
23.425000	-0.509902
23.450000	-0.504968
23.475000	-0.499907
23.500000	-0.494718
23.525000	-0.489401
23.550000	-0.483957
23.575000	-0.478387
23.600000	-0.472690
23.625000	-0.466869
23.650000	-0.460923
23.675000	-0.454854
23.700000	-0.448662
23.725000	-0.442348
23.750000	-0.435913
23.775000	-0.429359
23.800000	-0.422686
23.825000	-0.415896
23.850000	-0.408989
23.875000	-0.401969
23.900000	-0.394834
23.925000	-0.387588
23.950000	-0.380232
23.975000	-0.372767
24.000000	-0.365194
24.025000	-0.357517
24.050000	-0.349736
24.075000	-0.341853
24.100000	-0.333870
24.125000	-0.325789
24.150000	-0.317612
24.175000	-0.309342
24.200000	-0.300979
24.225000	-0.292527
24.250000	-0.283988
24.275000	-0.275363
24.300000	-0.266656
24.325000	-0.257869
24.350000	-0.249003
24.375000	-0.240062
24.400000	-0.231048
24.425000	-0.221963
24.450000	-0.212811
24.475000	-0.203594
24.500000	-0.194314
24.525000	-0.184974
24.550000	-0.175577
24.575000	-0.166126
24.600000	-0.156623
24.625000	-0.147072
24.650000	-0.137476
24.675000	-0.127836
24.700000	-0.118157
24.725000	-0.108441
24.750000	-0.098691
24.775000	-0.088910
24.800000	-0.079102
24.825000	-0.069268
24.850000	-0.059413
24.875000	-0.049540
24.900000	-0.039650
24.925000	-0.029749
24.950000	-0.019838
24.975000	-0.009920
25.000000	0.000000
25.025000	0.009920
25.050000	0.019838
25.075000	0.029749
25.100000	0.039650
25.125000	0.049540
25.150000	0.059413
25.175000	0.069268
25.200000	0.079102
25.225000	0.088910
25.250000	0.098691
25.275000	0.108441
25.300000	0.118157
25.325000	0.127836
25.350000	0.137476
25.375000	0.147072
25.400000	0.156623
25.425000	0.166126
25.450000	0.175577
25.475000	0.184974
25.500000	0.194314
25.525000	0.203594
25.550000	0.212811
25.575000	0.221963
25.600000	0.231048
25.625000	0.240062
25.650000	0.249003
25.675000	0.257869
25.700000	0.266656
25.725000	0.275363
25.750000	0.283988
25.775000	0.292527
25.800000	0.300979
25.825000	0.309342
25.850000	0.317612
25.875000	0.325789
25.900000	0.333870
25.925000	0.341853
25.950000	0.349736
25.975000	0.357517
26.000000	0.365194
26.025000	0.372767
26.050000	0.380232
26.075000	0.387588
26.100000	0.394834
26.125000	0.401969
26.150000	0.408989
26.175000	0.415896
26.200000	0.422686
26.225000	0.429359
26.250000	0.435913
26.275000	0.442348
26.300000	0.448662
26.325000	0.454854
26.350000	0.460923
26.375000	0.466869
26.400000	0.472690
26.425000	0.478387
26.450000	0.483957
26.475000	0.489401
26.500000	0.494718
26.525000	0.499907
26.550000	0.504968
26.575000	0.509902
26.600000	0.514706
26.625000	0.519381
26.650000	0.523928
26.675000	0.528345
26.700000	0.532633
26.725000	0.536792
26.750000	0.540822
26.775000	0.544723
26.800000	0.548494
26.825000	0.552138
26.850000	0.555653
26.875000	0.559040
26.900000	0.562299
26.925000	0.565431
26.950000	0.568437
26.975000	0.571317
27.000000	0.574072
27.025000	0.576702
27.050000	0.579208
27.075000	0.581590
27.100000	0.583851
27.125000	0.585990
27.150000	0.588008
27.175000	0.589907
27.200000	0.591687
27.225000	0.593350
27.250000	0.594896
27.275000	0.596326
27.300000	0.597643
27.325000	0.598846
27.350000	0.599938
27.375000	0.600919
27.400000	0.601791
27.425000	0.602555
27.450000	0.603213
27.475000	0.603765
27.500000	0.604214
27.525000	0.604561
27.550000	0.604806
27.575000	0.604953
27.600000	0.605001
27.625000	0.604954
27.650000	0.604811
27.675000	0.604576
27.700000	0.604249
27.725000	0.603832
27.750000	0.603326
27.775000	0.602734
27.800000	0.602057
27.825000	0.601297
27.850000	0.600455
27.875000	0.599533
27.900000	0.598533
27.925000	0.597456
27.950000	0.596304
27.975000	0.595079
28.000000	0.593783
28.025000	0.592416
28.050000	0.590982
28.075000	0.589481
28.100000	0.587916
28.125000	0.586287
28.150000	0.584598
28.175000	0.582848
28.200000	0.581041
28.225000	0.579178
28.250000	0.577260
28.275000	0.575289
28.300000	0.573267
28.325000	0.571196
28.350000	0.569076
28.375000	0.566911
28.400000	0.564700
28.425000	0.562447
28.450000	0.560152
28.475000	0.557817
28.500000	0.555444
28.525000	0.553034
28.550000	0.550589
28.575000	0.548110
28.600000	0.545599
28.625000	0.543057
28.650000	0.540485
28.675000	0.537886
28.700000	0.535260
28.725000	0.532610
28.750000	0.529935
28.775000	0.527238
28.800000	0.524520
28.825000	0.521783
28.850000	0.519027
28.875000	0.516254
28.900000	0.513465
28.925000	0.510661
28.950000	0.507844
28.975000	0.505014
29.000000	0.502174
29.025000	0.499323
29.050000	0.496464
29.075000	0.493597
29.100000	0.490723
29.125000	0.487843
29.150000	0.484959
29.175000	0.482071
29.200000	0.479180
29.225000	0.476288
29.250000	0.473395
29.275000	0.470502
29.300000	0.467609
29.325000	0.464719
29.350000	0.461831
29.375000	0.458946
29.400000	0.456066
29.425000	0.453191
29.450000	0.450321
29.475000	0.447458
29.500000	0.444601
29.525000	0.441753
29.550000	0.438913
29.575000	0.436082
29.600000	0.433260
29.625000	0.430449
29.650000	0.427649
29.675000	0.424859
29.700000	0.422082
29.725000	0.419317
29.750000	0.416565
29.775000	0.413826
29.800000	0.411100
29.825000	0.408389
29.850000	0.405693
29.875000	0.403011
29.900000	0.400344
29.925000	0.397693
29.950000	0.395058
29.975000	0.392439
30.000000	0.389837
30.025000	0.387251
30.050000	0.384683
30.075000	0.382132
30.100000	0.379598
30.125000	0.377082
30.150000	0.374584
30.175000	0.372105
30.200000	0.369643
30.225000	0.367200
30.250000	0.364776
30.275000	0.362370
30.300000	0.359983
30.325000	0.357615
30.350000	0.355266
30.375000	0.352937
30.400000	0.350626
30.425000	0.348335
30.450000	0.346063
30.475000	0.343810
30.500000	0.341577
30.525000	0.339363
30.550000	0.337168
30.575000	0.334993
30.600000	0.332837
30.625000	0.330701
30.650000	0.328584
30.675000	0.326486
30.700000	0.324407
30.725000	0.322348
30.750000	0.320307
30.775000	0.318286
30.800000	0.316284
30.825000	0.314300
30.850000	0.312336
30.875000	0.310390
30.900000	0.308463
30.925000	0.306555
30.950000	0.304664
30.975000	0.302793
31.000000	0.300939
31.025000	0.299104
31.050000	0.297286
31.075000	0.295487
31.100000	0.293705
31.125000	0.291940
31.150000	0.290194
31.175000	0.288464
31.200000	0.286752
31.225000	0.285057
31.250000	0.283378
31.275000	0.281716
31.300000	0.280071
31.325000	0.278443
31.350000	0.276830
31.375000	0.275234
31.400000	0.273654
31.425000	0.272090
31.450000	0.270541
31.475000	0.269007
31.500000	0.267490
31.525000	0.265987
31.550000	0.264499
31.575000	0.263026
31.600000	0.261568
31.625000	0.260124
31.650000	0.258695
31.675000	0.257279
31.700000	0.255878
31.725000	0.254491
31.750000	0.253117
31.775000	0.251757
31.800000	0.250411
31.825000	0.249077
31.850000	0.247757
31.875000	0.246449
31.900000	0.245155
31.925000	0.243873
31.950000	0.242603
31.975000	0.241345
32.000000	0.240100
32.025000	0.238867
32.050000	0.237645
32.075000	0.236435
32.100000	0.235237
32.125000	0.234050
32.150000	0.232874
32.175000	0.231709
32.200000	0.230555
32.225000	0.229412
32.250000	0.228279
32.275000	0.227157
32.300000	0.226046
32.325000	0.224944
32.350000	0.223853
32.375000	0.222771
32.400000	0.221699
32.425000	0.220637
32.450000	0.219585
32.475000	0.218542
32.500000	0.217508
32.525000	0.216483
32.550000	0.215468
32.575000	0.214461
32.600000	0.213463
32.625000	0.212474
32.650000	0.211493
32.675000	0.210521
32.700000	0.209557
32.725000	0.208601
32.750000	0.207653
32.775000	0.206714
32.800000	0.205782
32.825000	0.204858
32.850000	0.203941
32.875000	0.203032
32.900000	0.202131
32.925000	0.201237
32.950000	0.200350
32.975000	0.199470
33.000000	0.198597
33.025000	0.197732
33.050000	0.196873
33.075000	0.196021
33.100000	0.195175
33.125000	0.194337
33.150000	0.193504
33.175000	0.192678
33.200000	0.191859
33.225000	0.191046
33.250000	0.190238
33.275000	0.189437
33.300000	0.188642
33.325000	0.187853
33.350000	0.187070
33.375000	0.186292
33.400000	0.185520
33.425000	0.184754
33.450000	0.183994
33.475000	0.183238
33.500000	0.182489
33.525000	0.181744
33.550000	0.181005
33.575000	0.180271
33.600000	0.179542
33.625000	0.178818
33.650000	0.178100
33.675000	0.177386
33.700000	0.176677
33.725000	0.175973
33.750000	0.175273
33.775000	0.174579
33.800000	0.173889
33.825000	0.173203
33.850000	0.172522
33.875000	0.171846
33.900000	0.171174
33.925000	0.170506
33.950000	0.169843
33.975000	0.169184
34.000000	0.168529
34.025000	0.167879
34.050000	0.167232
34.075000	0.166590
34.100000	0.165951
34.125000	0.165317
34.150000	0.164686
34.175000	0.164060
34.200000	0.163437
34.225000	0.162818
34.250000	0.162203
34.275000	0.161591
34.300000	0.160983
34.325000	0.160379
34.350000	0.159779
34.375000	0.159182
34.400000	0.158588
34.425000	0.157998
34.450000	0.157411
34.475000	0.156828
34.500000	0.156248
34.525000	0.155671
34.550000	0.155098
34.575000	0.154528
34.600000	0.153961
34.625000	0.153398
34.650000	0.152837
34.675000	0.152280
34.700000	0.151726
34.725000	0.151174
34.750000	0.150626
34.775000	0.150081
34.800000	0.149539
34.825000	0.149000
34.850000	0.148463
34.875000	0.147930
34.900000	0.147399
34.925000	0.146871
34.950000	0.146346
34.975000	0.145824
35.000000	0.145304
35.025000	0.144787
35.050000	0.144273
35.075000	0.143762
35.100000	0.143253
35.125000	0.142746
35.150000	0.142243
35.175000	0.141741
35.200000	0.141243
35.225000	0.140747
35.250000	0.140253
35.275000	0.139762
35.300000	0.139273
35.325000	0.138787
35.350000	0.138303
35.375000	0.137821
35.400000	0.137342
35.425000	0.136865
35.450000	0.136390
35.475000	0.135918
35.500000	0.135448
35.525000	0.134980
35.550000	0.134514
35.575000	0.134051
35.600000	0.133590
35.625000	0.133130
35.650000	0.132674
35.675000	0.132219
35.700000	0.131766
35.725000	0.131315
35.750000	0.130867
35.775000	0.130420
35.800000	0.129976
35.825000	0.129533
35.850000	0.129093
35.875000	0.128654
35.900000	0.128218
35.925000	0.127783
35.950000	0.127351
35.975000	0.126920
36.000000	0.126491
36.025000	0.126064
36.050000	0.125639
36.075000	0.125216
36.100000	0.124795
36.125000	0.124375
36.150000	0.123957
36.175000	0.123541
36.200000	0.123127
36.225000	0.122715
36.250000	0.122304
36.275000	0.121895
36.300000	0.121488
36.325000	0.121082
36.350000	0.120678
36.375000	0.120276
36.400000	0.119876
36.425000	0.119477
36.450000	0.119080
36.475000	0.118684
36.500000	0.118290
36.525000	0.117898
36.550000	0.117507
36.575000	0.117118
36.600000	0.116730
36.625000	0.116344
36.650000	0.115959
36.675000	0.115576
36.700000	0.115195
36.725000	0.114815
36.750000	0.114436
36.775000	0.114059
36.800000	0.113684
36.825000	0.113310
36.850000	0.112937
36.875000	0.112566
36.900000	0.112196
36.925000	0.111828
36.950000	0.111461
36.975000	0.111095
37.000000	0.110731
37.025000	0.110368
37.050000	0.110006
37.075000	0.109646
37.100000	0.109287
37.125000	0.108930
37.150000	0.108574
37.175000	0.108219
37.200000	0.107866
37.225000	0.107513
37.250000	0.107162
37.275000	0.106813
37.300000	0.106464
37.325000	0.106117
37.350000	0.105771
37.375000	0.105427
37.400000	0.105083
37.425000	0.104741
37.450000	0.104400
37.475000	0.104060
37.500000	0.103722
37.525000	0.103384
37.550000	0.103048
37.575000	0.102713
37.600000	0.102379
37.625000	0.102046
37.650000	0.101715
37.675000	0.101384
37.700000	0.101055
37.725000	0.100727
37.750000	0.100400
37.775000	0.100074
37.800000	0.099749
37.825000	0.099425
37.850000	0.099102
37.875000	0.098780
37.900000	0.098460
37.925000	0.098140
37.950000	0.097822
37.975000	0.097504
38.000000	0.097188
38.025000	0.096873
38.050000	0.096558
38.075000	0.096245
38.100000	0.095933
38.125000	0.095622
38.150000	0.095311
38.175000	0.095002
38.200000	0.094694
38.225000	0.094386
38.250000	0.094080
38.275000	0.093775
38.300000	0.093470
38.325000	0.093167
38.350000	0.092864
38.375000	0.092563
38.400000	0.092262
38.425000	0.091962
38.450000	0.091663
38.475000	0.091366
38.500000	0.091069
38.525000	0.090772
38.550000	0.090477
38.575000	0.090183
38.600000	0.089890
38.625000	0.089597
38.650000	0.089305
38.675000	0.089015
38.700000	0.088725
38.725000	0.088436
38.750000	0.088147
38.775000	0.087860
38.800000	0.087574
38.825000	0.087288
38.850000	0.087003
38.875000	0.086719
38.900000	0.086436
38.925000	0.086153
38.950000	0.085872
38.975000	0.085591
39.000000	0.085311
39.025000	0.085032
39.050000	0.084754
39.075000	0.084476
39.100000	0.084199
39.125000	0.083923
39.150000	0.083648
39.175000	0.083373
39.200000	0.083100
39.225000	0.082827
39.250000	0.082554
39.275000	0.082283
39.300000	0.082012
39.325000	0.081742
39.350000	0.081473
39.375000	0.081204
39.400000	0.080936
39.425000	0.080669
39.450000	0.080403
39.475000	0.080137
39.500000	0.079872
39.525000	0.079608
39.550000	0.079344
39.575000	0.079081
39.600000	0.078819
39.625000	0.078558
39.650000	0.078297
39.675000	0.078037
39.700000	0.077777
39.725000	0.077518
39.750000	0.077260
39.775000	0.077003
39.800000	0.076746
39.825000	0.076490
39.850000	0.076234
39.875000	0.075979
39.900000	0.075725
39.925000	0.075471
39.950000	0.075218
39.975000	0.074966
40.000000	0.074714
40.025000	0.074463
40.050000	0.074213
40.075000	0.073963
40.100000	0.073713
40.125000	0.073465
40.150000	0.073217
40.175000	0.072969
40.200000	0.072722
40.225000	0.072476
40.250000	0.072230
40.275000	0.071985
40.300000	0.071741
40.325000	0.071497
40.350000	0.071254
40.375000	0.071011
40.400000	0.070769
40.425000	0.070527
40.450000	0.070286
40.475000	0.070045
40.500000	0.069805
40.525000	0.069566
40.550000	0.069327
40.575000	0.069089
40.600000	0.068851
40.625000	0.068614
40.650000	0.068377
40.675000	0.068141
40.700000	0.067905
40.725000	0.067670
40.750000	0.067435
40.775000	0.067201
40.800000	0.066968
40.825000	0.066735
40.850000	0.066502
40.875000	0.066270
40.900000	0.066039
40.925000	0.065808
40.950000	0.065577
40.975000	0.065347
41.000000	0.065117
41.025000	0.064888
41.050000	0.064660
41.075000	0.064432
41.100000	0.064204
41.125000	0.063977
41.150000	0.063751
41.175000	0.063524
41.200000	0.063299
41.225000	0.063074
41.250000	0.062849
41.275000	0.062625
41.300000	0.062401
41.325000	0.062177
41.350000	0.061954
41.375000	0.061732
41.400000	0.061510
41.425000	0.061288
41.450000	0.061067
41.475000	0.060847
41.500000	0.060626
41.525000	0.060407
41.550000	0.060187
41.575000	0.059968
41.600000	0.059750
41.625000	0.059532
41.650000	0.059314
41.675000	0.059097
41.700000	0.058880
41.725000	0.058664
41.750000	0.058448
41.775000	0.058232
41.800000	0.058017
41.825000	0.057803
41.850000	0.057588
41.875000	0.057374
41.900000	0.057161
41.925000	0.056948
41.950000	0.056735
41.975000	0.056523
42.000000	0.056311
42.025000	0.056099
42.050000	0.055888
42.075000	0.055677
42.100000	0.055467
42.125000	0.055257
42.150000	0.055048
42.175000	0.054838
42.200000	0.054629
42.225000	0.054421
42.250000	0.054213
42.275000	0.054005
42.300000	0.053798
42.325000	0.053591
42.350000	0.053384
42.375000	0.053178
42.400000	0.052972
42.425000	0.052766
42.450000	0.052561
42.475000	0.052356
42.500000	0.052152
42.525000	0.051948
42.550000	0.051744
42.575000	0.051540
42.600000	0.051337
42.625000	0.051134
42.650000	0.050932
42.675000	0.050730
42.700000	0.050528
42.725000	0.050327
42.750000	0.050126
42.775000	0.049925
42.800000	0.049724
42.825000	0.049524
42.850000	0.049324
42.875000	0.049125
42.900000	0.048926
42.925000	0.048727
42.950000	0.048528
42.975000	0.048330
43.000000	0.048132
43.025000	0.047935
43.050000	0.047737
43.075000	0.047540
43.100000	0.047344
43.125000	0.047147
43.150000	0.046951
43.175000	0.046756
43.200000	0.046560
43.225000	0.046365
43.250000	0.046170
43.275000	0.045975
43.300000	0.045781
43.325000	0.045587
43.350000	0.045393
43.375000	0.045200
43.400000	0.045007
43.425000	0.044814
43.450000	0.044621
43.475000	0.044429
43.500000	0.044237
43.525000	0.044045
43.550000	0.043854
43.575000	0.043663
43.600000	0.043472
43.625000	0.043281
43.650000	0.043091
43.675000	0.042901
43.700000	0.042711
43.725000	0.042521
43.750000	0.042332
43.775000	0.042143
43.800000	0.041954
43.825000	0.041766
43.850000	0.041577
43.875000	0.041389
43.900000	0.041202
43.925000	0.041014
43.950000	0.040827
43.975000	0.040640
44.000000	0.040453
44.025000	0.040266
44.050000	0.040080
44.075000	0.039894
44.100000	0.039708
44.125000	0.039523
44.150000	0.039338
44.175000	0.039152
44.200000	0.038968
44.225000	0.038783
44.250000	0.038599
44.275000	0.038414
44.300000	0.038231
44.325000	0.038047
44.350000	0.037863
44.375000	0.037680
44.400000	0.037497
44.425000	0.037314
44.450000	0.037132
44.475000	0.036949
44.500000	0.036767
44.525000	0.036585
44.550000	0.036404
44.575000	0.036222
44.600000	0.036041
44.625000	0.035860
44.650000	0.035679
44.675000	0.035499
44.700000	0.035318
44.725000	0.035138
44.750000	0.034958
44.775000	0.034778
44.800000	0.034599
44.825000	0.034419
44.850000	0.034240
44.875000	0.034061
44.900000	0.033882
44.925000	0.033704
44.950000	0.033525
44.975000	0.033347
45.000000	0.033169
45.025000	0.032991
45.050000	0.032813
45.075000	0.032636
45.100000	0.032459
45.125000	0.032282
45.150000	0.032105
45.175000	0.031928
45.200000	0.031752
45.225000	0.031575
45.250000	0.031399
45.275000	0.031223
45.300000	0.031047
45.325000	0.030872
45.350000	0.030696
45.375000	0.030521
45.400000	0.030346
45.425000	0.030171
45.450000	0.029996
45.475000	0.029822
45.500000	0.029647
45.525000	0.029473
45.550000	0.029299
45.575000	0.029125
45.600000	0.028951
45.625000	0.028778
45.650000	0.028604
45.675000	0.028431
45.700000	0.028258
45.725000	0.028085
45.750000	0.027912
45.775000	0.027740
45.800000	0.027567
45.825000	0.027395
45.850000	0.027223
45.875000	0.027051
45.900000	0.026879
45.925000	0.026707
45.950000	0.026536
45.975000	0.026364
46.000000	0.026193
46.025000	0.026022
46.050000	0.025851
46.075000	0.025680
46.100000	0.025509
46.125000	0.025339
46.150000	0.025168
46.175000	0.024998
46.200000	0.024828
46.225000	0.024658
46.250000	0.024488
46.275000	0.024318
46.300000	0.024149
46.325000	0.023979
46.350000	0.023810
46.375000	0.023641
46.400000	0.023472
46.425000	0.023303
46.450000	0.023134
46.475000	0.022965
46.500000	0.022797
46.525000	0.022628
46.550000	0.022460
46.575000	0.022292
46.600000	0.022124
46.625000	0.021956
46.650000	0.021788
46.675000	0.021620
46.700000	0.021453
46.725000	0.021285
46.750000	0.021118
46.775000	0.020951
46.800000	0.020784
46.825000	0.020617
46.850000	0.020450
46.875000	0.020283
46.900000	0.020116
46.925000	0.019950
46.950000	0.019783
46.975000	0.019617
47.000000	0.019451
47.025000	0.019284
47.050000	0.019118
47.075000	0.018952
47.100000	0.018787
47.125000	0.018621
47.150000	0.018455
47.175000	0.018290
47.200000	0.018124
47.225000	0.017959
47.250000	0.017794
47.275000	0.017629
47.300000	0.017463
47.325000	0.017299
47.350000	0.017134
47.375000	0.016969
47.400000	0.016804
47.425000	0.016640
47.450000	0.016475
47.475000	0.016311
47.500000	0.016146
47.525000	0.015982
47.550000	0.015818
47.575000	0.015654
47.600000	0.015490
47.625000	0.015326
47.650000	0.015162
47.675000	0.014998
47.700000	0.014835
47.725000	0.014671
47.750000	0.014508
47.775000	0.014344
47.800000	0.014181
47.825000	0.014018
47.850000	0.013854
47.875000	0.013691
47.900000	0.013528
47.925000	0.013365
47.950000	0.013202
47.975000	0.013039
48.000000	0.012877
48.025000	0.012714
48.050000	0.012551
48.075000	0.012389
48.100000	0.012226
48.125000	0.012064
48.150000	0.011901
48.175000	0.011739
48.200000	0.011577
48.225000	0.011414
48.250000	0.011252
48.275000	0.011090
48.300000	0.010928
48.325000	0.010766
48.350000	0.010604
48.375000	0.010442
48.400000	0.010281
48.425000	0.010119
48.450000	0.009957
48.475000	0.009796
48.500000	0.009634
48.525000	0.009472
48.550000	0.009311
48.575000	0.009149
48.600000	0.008988
48.625000	0.008827
48.650000	0.008665
48.675000	0.008504
48.700000	0.008343
48.725000	0.008182
48.750000	0.008021
48.775000	0.007860
48.800000	0.007698
48.825000	0.007537
48.850000	0.007377
48.875000	0.007216
48.900000	0.007055
48.925000	0.006894
48.950000	0.006733
48.975000	0.006572
49.000000	0.006411
49.025000	0.006251
49.050000	0.006090
49.075000	0.005929
49.100000	0.005769
49.125000	0.005608
49.150000	0.005448
49.175000	0.005287
49.200000	0.005127
49.225000	0.004966
49.250000	0.004806
49.275000	0.004645
49.300000	0.004485
49.325000	0.004324
49.350000	0.004164
49.375000	0.004004
49.400000	0.003843
49.425000	0.003683
49.450000	0.003523
49.475000	0.003363
49.500000	0.003202
49.525000	0.003042
49.550000	0.002882
49.575000	0.002722
49.600000	0.002562
49.625000	0.002401
49.650000	0.002241
49.675000	0.002081
49.700000	0.001921
49.725000	0.001761
49.750000	0.001601
49.775000	0.001441
49.800000	0.001281
49.825000	0.001121
49.850000	0.000960
49.875000	0.000800
49.900000	0.000640
49.925000	0.000480
49.950000	0.000320
49.975000	0.000160
