0.2935822
0.0517409
0.5876613
0.6114476
0.2632779
0.7675363
0.6948356
0.2340155
0.7573699
0.5551504
0.0963720
0.6654042
0.0747493
0.6975872
0.4971264
0.7317828
0.4892247
0.1045717
0.7379119
0.8758584
0.7635179
0.4870700
0.2248579
0.9693208
0.5779338
0.2196487
0.9081973
0.6537320
0.3131451
0.4950328
0.2637429
0.6067274
0.5467737
0.8514032
0.2181050
0.8100516
0.6188695
0.9129406
0.0439971
0.3761693
0.4680210
0.1403691
0.0415035
0.5427693
0.8379563
0.5386300
0.2744822
0.3271110
0.6432007
0.0123241
0.2028993
0.4066496
0.4993931
0.4277573
0.3759004
0.0772569
0.6474050
0.2840287
0.7309890
0.9605502
0.7790605
0.9947308
0.5672075
0.3257642
0.8460650
0.7853125
0.1357458
0.4648655
0.6981831
0.1797430
0.8410338
0.1661341
0.3201111
0.8825373
0.7089034
0.1579984
0.4210973
0.9833846
0.4851093
0.0642290
0.9957087
0.6880077
0.4708775
0.4950318
0.1156960
0.8467769
0.5722887
0.7631010
0.1307356
0.3032077
0.7235811
0.9097961
0.2978685
0.2907196
0.2354913
0.1438646
0.0759621
0.3712361
0.6087290
0.7741452
0.5509790
0.4496938
0.9402793
0.8710891
0.3321612
0.6491127
0.0290175
0.7532585
0.6324283
0.5141258
0.8174865
0.6280670
0.2020645
0.2882940
0.1230288
0.3177594
0.1350019
0.6953165
0.0807904
0.2657365
0.9985232
0.8043715
0.1754636
0.2963228
0.0950202
0.4109539
0.4401863
0.1709823
0.7821890
0.0488454
0.9451276
0.3330980
0.4985382
0.8853369
0.2041182
0.8306984
0.5343806
0.2331356
0.5838869
0.1667390
0.7472604
0.4013034
0.7948050
0.9493249
0.6895974
0.9178328
0.2670143
0.8245984
0.6130794
0.3478047
0.0902659
0.6115326
0.1521063
0.2657285
0.9078554
0.2471264
0.6766814
0.3479717
0.4181078
0.4588014
0.3968161
0.3631663
0.7918985
0.8953533
0.2484332
0.9960166
0.7259827
0.7828129
0.2290823
0.3097997
0.9495519
0.9763427
0.7111031
0.7442869
0.9255976
0.4006305
0.6620497
0.1925420
0.2251599
0.2750591
0.5403467
0.3154248
0.8865917
0.6924520
0.5811523
0.7943771
0.9395774
0.2577638
0.1422788
0.3576162
0.7165642
0.5390939
0.7207816
0.5083937
0.4343782
0.9692138
0.5043403
0.1602910
0.7519577
0.7334216
0.4700907
0.7014396
0.7096943
0.1811237
0.4456555
0.6352219
0.5817542
0.1076362
0.8277639
0.8069131
0.3826943
0.3680406
0.1222679
0.2692170
0.0604226
0.7034203
0.0635241
1.0000000
0.9611831
0.2058019
0.3575462
0.6776773
0.7448948
0.0782578
0.1860010
0.1792040
0.0474016
0.6903403
0.3394940
0.7993593
0.4236919
0.8095847
0.5007289
0.1333162
0.9907084
0.9463844
0.7685381
0.5723927
0.0539496
0.5962320
0.3792368
0.4366439
0.9642716
0.5015048
0.7058599
0.0246252
0.2048550
0.7693830
0.0245552
0.1659681
0.9751849
0.3821004
0.8436454
0.7200097
0.4603572
0.0295774
0.8992127
0.5077588
0.7199167
0.2386378
0.3070481
0.1435396
0.0481525
0.8077760
0.2768558
0.0387899
0.7540894
0.0453239
0.6111827
0.8080389
0.6415559
0.9904185
0.2446138
0.6057575
0.4918533
0.9504727
0.6303827
0.6967083
0.7197867
0.6549368
0.8626754
0.6949016
0.0369672
0.7062508
0.4148413
0.4973244
0.7358282
0.3139850
0.0050132
0.4556749
0.5526218
0.3120603
0.5992145
0.6007733
0.1197663
0.8760703
0.6395632
0.8738557
0.9213933
0.2506759
0.6818256
0.5628792
0.2410254
0.9264385
0.1685677
0.7328787
0.8768412
0.7989494
0.4295170
0.5965579
0.4538172
0.2921224
0.2913895
0.4907834
0.9983733
0.7062308
0.9881079
0.7341315
0.0201459
0.9931201
0.1897364
0.5727676
0.3051114
0.7889509
0.1734709
0.4248767
0.6649513
0.8130342
0.2986624
0.5862745
0.0636401
0.9804880
0.1490847
0.3046655
0.9068555
0.3176524
