0.0024182805
0.0024159760
0.0011336616
0.0011313571
0.0024090627
0.0036867682
0.0049644437
0.0062421493
0.0062398448
0.0062375404
0.0062352359
0.0062329314
0.0049506170
0.0049483125
0.0062260181
0.0062237136
0.0075014191
0.0074991147
0.0074968102
0.0074945058
0.0087721813
0.0087698768
0.0074875924
0.0062052779
0.0049229635
0.0049206590
0.0049183545
0.0049160501
0.0049137456
0.0049114412
0.0061891467
0.0061868422
0.0074645478
0.0087422233
0.0087399189
0.0074576344
0.0074553299
0.0074530255
0.0061707110
0.0048883966
0.0036061121
0.0010437876
0.0010414832
0.0010391787
0.0023168843
0.0023145798
0.0010322653
-0.0002500191
-0.0002523236
-0.0002546280
-0.0002569325
-0.0002592370
-0.0015415414
-0.0015438459
-0.0015461503
-0.0015484548
-0.0028307593
-0.0028330637
-0.0041153682
-0.0028376726
-0.0053999771
-0.0054022816
-0.0066845860
-0.0041268905
-0.0041291949
-0.0028514994
-0.0041338038
-0.0041361083
-0.0041384128
-0.0041407172
-0.0054230217
-0.0067053261
-0.0067076306
-0.0054299351
-0.0041522395
-0.0041545440
-0.0054368484
-0.0067191529
-0.0054414574
-0.0054437618
-0.0054460663
-0.0067283707
-0.0092906752
-0.0092929797
-0.0092952841
-0.0092975886
-0.0092998930
-0.0067421975
-0.0054645020
-0.0054668064
-0.0054691109
-0.0067514153
-0.0067537198
-0.0067560243
-0.0041983287
-0.0042006332
-0.0042029376
-0.0042052421
-0.0029275466
-0.0016498510
-0.0054921555
-0.0182944599
-0.0592567644
-0.1821391689
-0.4586215733
-0.8119036778
-0.8963861822
-0.4291882867
0.4476094088
1.2296871044
1.3640847999
0.7752822955
0.0277601710
-0.2704821135
-0.1015244179
0.1186332776
0.1429509732
0.0610286687
0.0085463442
-0.0541759402
-0.1860182447
-0.2525806491
-0.0644228536
0.2184548419
0.1198925375
-0.5085897670
-1.1370720714
-1.1089143759
-0.3882766804
0.4091610152
0.6843587107
0.4321964063
0.1096341018
0.0661117973
0.2568294929
0.4424271884
0.4373048840
0.1685025695
-0.2346997250
-0.4587022294
-0.2705443339
0.1992133517
0.5256110572
0.4040086527
-0.0427135517
-0.4356758562
-0.5342382606
-0.3947204651
-0.2321627696
-0.1784050740
-0.1604873785
-0.0440096829
0.1377480026
0.2299057081
0.1492633937
-0.0465789008
-0.1758612052
-0.0952235097
0.1518141858
0.3399718814
0.2631695769
-0.0273927275
-0.2283551320
-0.0773173365
0.3412403591
0.6433178546
0.5370756502
0.1620334357
-0.0747688588
-0.0235711632
0.0340265123
-0.2066157721
-0.6162180766
-0.7813403811
-0.5112628855
-0.0530249900
0.1812127056
0.0570504011
-0.2091919034
-0.4024742078
-0.4907965123
-0.4639189167
-0.2181611212
0.2567165743
0.7008740699
0.7674319654
0.4154296610
-0.0325726435
-0.2335349480
-0.1042572524
0.2131804431
0.5037381387
0.5805358342
0.3590935297
-0.0517887747
-0.3871510792
-0.4498735836
-0.2143556881
0.2118820074
0.6944395030
1.0105971985
0.8621150941
0.1721927796
-0.6802895149
-1.1577318193
-1.0258941238
-0.4550165282
0.1632212673
0.4537789628
0.2912166584
-0.1286256461
-0.4703880505
-0.5446304550
-0.3846325595
-0.1491148639
-0.0108771684
-0.0607994728
-0.2233617773
-0.3116840818
-0.1324863862
0.3795113093
1.0361489049
1.4406267004
1.3100643959
0.6995020915
-0.0774602130
-0.6329827174
-0.7469050219
-0.5280271264
-0.2745894308
-0.2041917353
-0.3168340397
-0.5011564442
-0.6393988487
-0.6240411531
-0.3949232576
-0.0582855620
0.1964321335
0.3257098290
0.4511474246
0.6482650201
0.8517828157
0.9452204112
0.8364182067
0.5087360023
0.0581736878
-0.3514286066
-0.6253509111
-0.8173534156
-0.9952755200
-1.1463178245
-1.1962401289
-1.0810424334
-0.7815247379
-0.3783271423
0.0082306332
0.3333483488
0.6520658443
0.9579835398
1.1064614354
0.9822989309
0.6686967265
0.3666145220
0.1912522075
0.0875699131
-0.0596323914
-0.3041146958
-0.6125972003
-0.8839594048
-0.9620416092
-0.7367640137
-0.2580462181
0.2590714774
0.6277089729
0.8299466685
0.9976243640
1.2305822596
1.4136199551
1.3124976506
0.7825753462
-0.0737469583
-0.8993494627
-1.3038315672
-1.1463938717
-0.6049562761
0.0120014994
0.4689592150
0.6775968105
0.6251145061
0.3921523016
0.0977499971
-0.1697723073
-0.4001746118
-0.6139369162
-0.8008193207
-0.9288215252
-0.9774638296
-0.9262661341
-0.7470686385
-0.4270707430
-0.0469130475
0.2193246481
0.2423623436
0.1066800392
0.0541977247
0.2436354302
0.6263531258
1.0525906213
1.4097085169
1.6196262124
1.5914639079
1.2727416035
0.7428192990
0.1975369746
-0.2287054099
-0.4975076144
-0.6370301188
-0.7381524233
-0.9032745277
-1.1643968322
-1.4127191367
-1.4703214411
-1.2514437456
-0.8431260500
-0.4168885545
-0.0751306590
0.2256670366
0.5674246321
0.9194223277
1.1357401232
1.0640578187
0.6966955143
0.2090132098
-0.1532290946
-0.2505113991
-0.1391537036
-0.0021960080
-0.0137183125
-0.1878006169
-0.3759629214
-0.4054052259
-0.2044475303
0.1270701652
0.4009878608
0.4829054563
0.3945832518
0.2537809474
0.1564986229
0.0924963385
-0.0099059660
-0.1660683705
-0.3017505749
-0.3465529794
-0.3068751838
-0.2607975883
-0.2492797928
-0.2262420972
-0.1148844017
0.0924732939
0.3049509894
0.4022286849
0.3446263805
0.2051040760
0.0975817716
0.0770994671
0.1231771626
0.1718148482
0.1769325237
0.1551702493
0.1769279148
0.2460456403
0.2754833359
0.1743610114
-0.0368412730
-0.2429235775
-0.3158859820
-0.2365282864
-0.1059704909
-0.0611727953
-0.1520550998
-0.2902974043
-0.3581397087
-0.3133420132
-0.2186243176
-0.1623066221
-0.1571889266
-0.1482312310
-0.0624735355
0.1205641601
0.3509618556
0.5288794511
0.5723972467
0.4789549422
0.2997526378
0.0847103333
-0.1175319712
-0.2583342756
-0.3056965801
-0.2685789845
-0.1687411890
-0.0356234935
0.0910942011
0.1602118976
0.1614895832
0.1371672787
0.1307649842
0.1461226798
0.1486803653
0.1038780709
0.0219557664
-0.0433265381
-0.0471688425
0.0014688430
0.0347465386
-0.0049357559
-0.0958180604
-0.1854203648
-0.2353426693
-0.2635049737
-0.2788672782
-0.2596695827
-0.1713518871
-0.0228741916
0.1281635040
0.2203211995
0.2215988950
0.1575965806
0.0718342861
-0.0024080183
-0.0420903228
-0.0536126273
-0.0510549317
-0.0446572362
-0.0369795406
-0.0190618451
0.0026958504
0.0026935460
-0.0357087585
-0.0945910629
-0.1381133674
-0.1419556719
-0.1189179763
-0.0792402808
-0.0267625852
0.0397951103
0.1114728058
0.1665105014
0.1805881969
0.1434658925
0.0666635780
-0.0318987165
-0.1253410209
-0.1893433254
-0.2034256298
-0.1867879343
-0.1663103388
-0.1535125432
-0.1215148477
-0.0395971521
0.0922405434
0.2240782389
0.3072759345
0.3290336300
0.3226313256
0.3098290211
0.2765467166
0.1895043922
0.0551021077
-0.0677801967
-0.1125825012
-0.0729048057
-0.0204271101
-0.0332294146
-0.1279517190
-0.2341940235
-0.2661963280
-0.2009186324
-0.0972409369
-0.0345232413
-0.0498855458
-0.1138878503
-0.1535701547
-0.1151724592
-0.0153347636
0.0857829319
0.1357006074
0.1420983230
0.1574560085
0.2278537141
0.3353714096
0.4224091051
0.4300868007
0.3609644962
0.2572821918
0.1740798673
0.1177575828
0.0601552784
-0.0256070261
-0.1356893305
-0.2316916350
-0.2828939395
-0.2969762439
-0.2995386484
-0.3072208528
-0.3161832573
-0.3161855618
-0.2841878662
-0.2086700707
-0.1113923751
-0.0320346796
0.0076429959
0.0217207115
0.0409183970
0.0639561026
0.0729137981
0.0524314937
-0.0000508308
-0.0589331153
-0.0883754197
-0.0768577242
-0.0397400286
-0.0115823331
-0.0154246376
-0.0410269420
-0.0627892465
-0.0627915509
-0.0410338554
-0.0051961599
0.0370415257
0.0767192312
0.1112769268
0.1368746123
0.1496723078
0.1419900134
0.1163877089
0.0933454035
0.0882231000
0.1010207955
0.1138184911
0.1112561866
0.0997338822
0.0920515777
0.0830892732
0.0600469688
0.0101246643
-0.0500376401
-0.0858799446
-0.0666822491
-0.0065245535
0.0600331420
0.0920308376
0.0779485331
0.0357062286
-0.0142160758
-0.0628583803
-0.1089406847
-0.1409429892
-0.1614252937
-0.1678275981
-0.1639899026
-0.1435122070
-0.1076745115
-0.0603168160
-0.0155191204
0.0126385651
0.0279962607
0.0535939562
0.0983916617
0.1483093473
0.1636670328
0.1329447384
0.0779024439
0.0292601394
-0.0040221650
-0.0257844695
-0.0437067739
-0.0590690784
-0.0693113829
-0.0808336873
-0.0923559918
-0.1051582962
-0.1141206007
-0.1218029052
-0.1179652096
-0.0936475141
-0.0488498185
0.0023478770
0.0407455625
0.0650632681
0.0778609636
0.0880986592
0.0906563537
0.0829740502
0.0688917458
0.0586494413
0.0612071269
0.0701648324
0.0688825279
0.0445602135
-0.0053620810
-0.0604043854
-0.1000866899
-0.1116089944
-0.0898512988
-0.0540136033
-0.0130559077
0.0176617878
0.0368594733
0.0419771789
0.0342948644
0.0214925700
0.0099702655
0.0061279610
0.0061256566
0.0048433421
-0.0015589523
-0.0105212568
-0.0092435613
0.0137941343
0.0496318198
0.0777895254
0.0777872209
0.0521849164
0.0189025920
-0.0015796925
-0.0054219969
-0.0028643014
-0.0131066059
-0.0425489103
-0.0835112148
-0.1180735192
-0.1385558237
-0.1462381282
-0.1513604326
-0.1500827371
-0.1308850415
-0.0860873460
-0.0284896505
0.0175880451
0.0419057406
0.0495834262
0.0559811317
0.0610988172
0.0610965128
0.0508542183
0.0342119039
0.0150095894
-0.0003527151
-0.0054749995
-0.0003573240
0.0137203916
0.0213980871
0.0188357626
0.0009134682
-0.0246888263
-0.0426111307
-0.0477334352
-0.0451757397
-0.0400580441
-0.0413403486
-0.0490226530
-0.0631049575
-0.0835872620
-0.0963895664
-0.0925518709
-0.0707941753
-0.0362364798
-0.0042387843
0.0175189113
0.0251966068
0.0303142824
0.0418319979
0.0559096934
0.0661473790
0.0661450745
0.0559027801
0.0495004656
0.0558981711
0.0712558667
0.0840535622
0.0802112578
0.0558889533
0.0187666288
-0.0209156556
-0.0567579601
-0.0810802645
-0.0849225690
-0.0695648735
-0.0401271779
-0.0106894824
0.0059482132
0.0046658987
-0.0068563958
-0.0158187002
-0.0107010047
0.0046566809
0.0212943864
0.0225720619
0.0097697775
-0.0055925270
-0.0081548314
0.0008028541
0.0020805596
-0.0158417448
-0.0504040493
-0.0785663537
-0.0849686582
-0.0670509627
-0.0452932671
-0.0350555716
-0.0388978760
-0.0389001805
-0.0171424850
0.0263751906
0.0762929061
0.1070105987
0.1134082972
0.1018859927
0.0929236873
0.0903613828
0.0903590784
0.0813967749
0.0596344704
0.0327521460
0.0122698515
-0.0005324629
-0.0107747474
-0.0261370519
-0.0414993563
-0.0466216608
-0.0338239652
-0.0133462697
0.0032914058
0.0135291214
0.0186467969
0.0212045125
0.0212022080
0.0173599036
0.0045575891
-0.0095247054
-0.0248870098
-0.0338493143
-0.0338516187
-0.0287339232
-0.0236162277
-0.0210585321
-0.0133808366
-0.0018631410
0.0083745445
0.0096522500
0.0019699456
-0.0069923589
-0.0057146633
0.0019630322
0.0096407277
0.0057984233
-0.0006039012
-0.0018861856
0.0045114999
0.0121891954
0.0134669010
0.0070645765
-0.0006177279
-0.0031800124
0.0032176631
0.0160153687
0.0275330642
0.0339307598
0.0326484453
0.0288061608
0.0236838464
0.0185615319
0.0134392475
0.0070369230
0.0070346185
0.0147123141
0.0249500296
0.0351877252
0.0339054107
0.0198231062
-0.0019391882
-0.0224214927
-0.0352237971
-0.0429061016
-0.0454684061
-0.0467507105
-0.0480330150
-0.0518753194
-0.0557176239
-0.0557199284
-0.0493222328
-0.0403645373
-0.0365268417
-0.0352491462
-0.0365314507
-0.0352537551
-0.0314160596
-0.0262983640
-0.0237406685
-0.0211829730
-0.0199052774
-0.0173475819
-0.0109498863
0.0005677992
0.0223254847
0.0479232003
0.0684008958
0.0709585914
0.0581562869
0.0351139824
0.0197516680
0.0223093535
0.0389470691
0.0517447646
0.0543024601
0.0440601457
0.0325378312
0.0248555468
0.0222932223
0.0210109378
0.0210086334
0.0261263089
0.0338040145
0.0363617100
0.0299593955
0.0184370911
0.0043547966
-0.0058874978
-0.0084498023
-0.0110121068
-0.0186944112
-0.0276567157
-0.0327790201
-0.0263813246
-0.0123036291
-0.0007859535
0.0043317520
0.0004894476
-0.0033528469
-0.0046351514
-0.0020774558
-0.0007997803
-0.0059220647
-0.0136043692
-0.0212866737
-0.0251289781
-0.0212912826
-0.0148935870
-0.0084958915
-0.0046581960
-0.0021005004
-0.0008228249
0.0042948807
0.0132525862
0.0209302817
0.0247679773
0.0298856528
0.0337233584
0.0375610639
0.0337187494
0.0221964350
0.0093941505
-0.0021281539
-0.0072504584
-0.0098127629
-0.0149350673
-0.0226173718
-0.0238996762
-0.0200619807
-0.0111042852
-0.0047065896
-0.0021488941
-0.0034311985
-0.0047135030
-0.0072758075
-0.0098381119
-0.0188004164
-0.0328827208
-0.0456850253
-0.0572073298
-0.0610496342
-0.0636119387
-0.0661742431
-0.0725765476
-0.0815388521
-0.0879411565
-0.0879434610
-0.0841057654
-0.0789880699
-0.0725903744
-0.0649126788
-0.0546749833
-0.0393172877
-0.0213995922
-0.0073218967
0.0016357989
0.0016334944
-0.0034888100
-0.0086111145
-0.0073334190
0.0016242766
0.0131419721
0.0208196677
0.0259373432
0.0259350387
0.0284927543
0.0336104398
0.0361681354
0.0310458409
0.0195235264
0.0092812320
0.0028789075
0.0015966231
0.0054343186
0.0131120141
0.0207897097
0.0259073852
0.0271850908
0.0259027763
0.0220604718
0.0182181674
0.0066958629
-0.0112264215
-0.0317087260
-0.0457910305
-0.0445133349
-0.0317156394
-0.0112379438
0.0066797317
0.0194774372
0.0271551328
0.0284328383
0.0271505239
0.0245882294
0.0233059149
0.0207436205
0.0181812960
0.0117790016
0.0066566871
0.0053744026
0.0104920782
0.0207297937
0.0335274793
0.0437651748
0.0437628703
0.0386405759
0.0309582714
0.0245559670
0.0207136625
0.0194313480
0.0168690536
0.0155867391
0.0181444247
0.0245421402
0.0309398357
0.0334975213
0.0270952168
0.0168529224
0.0053306179
-0.0036316866
-0.0074739910
-0.0074762955
-0.0061985999
-0.0062009044
-0.0087632088
-0.0138855133
-0.0177278178
-0.0138901222
-0.0049324267
0.0053052689
0.0117029544
0.0129806599
0.0104183355
0.0052960510
0.0001737366
-0.0036685579
-0.0075108624
-0.0087931668
-0.0113554713
-0.0126377757
-0.0100800802
-0.0088023847
-0.0088046891
-0.0126469936
-0.0203292980
-0.0254516025
-0.0267339070
-0.0228962114
-0.0113785159
0.0014191797
0.0180568552
0.0308545707
0.0398122563
0.0436499518
0.0423676574
0.0372453529
0.0308430484
0.0257207240
0.0205984395
0.0205961351
