-0.0000000000
-0.0000959799
-0.0003885876
-0.0008728845
-0.0015281152
-0.0023492872
-0.0033257863
-0.0044464806
-0.0057789525
-0.0072730001
-0.0089227270
-0.0107216224
-0.0128360485
-0.0149398522
-0.0169395530
-0.0192586751
-0.0213891013
-0.0238807907
-0.0264600902
-0.0291168206
-0.0313982747
-0.0341395390
-0.0374454690
-0.0408644357
-0.0443862504
-0.0473600100
-0.0503337696
-0.0532957932
-0.0562343909
-0.0591379655
-0.0611572805
-0.0639187859
-0.0656999098
-0.0673309018
-0.0697879849
-0.0731651444
-0.0754524974
-0.0776239306
-0.0807774229
-0.0838515249
-0.0868328157
-0.0908884986
-0.0924644120
-0.0938698962
-0.0938643379
-0.0948993987
-0.0970117979
-0.0989557796
-0.0994463659
-0.0997414943
-0.0998400000
-0.0998400000
-0.1011200000
-0.1011200000
-0.1011200000
-0.1011200000
-0.1024000000
-0.1024000000
-0.1036800000
-0.1024000000
-0.1049600000
-0.1049600000
-0.1062400000
-0.1036800000
-0.1036800000
-0.1024000000
-0.1036800000
-0.1036800000
-0.1036800000
-0.1036800000
-0.1049600000
-0.1062400000
-0.1062400000
-0.1049600000
-0.1036800000
-0.1036800000
-0.1049600000
-0.1062400000
-0.1049600000
-0.1049600000
-0.1049600000
-0.1062400000
-0.1088000000
-0.1088000000
-0.1088000000
-0.1088000000
-0.1088000000
-0.1062400000
-0.1049600000
-0.1049600000
-0.1049600000
-0.1062400000
-0.1062400000
-0.1062400000
-0.1036800000
-0.1036800000
-0.1036800000
-0.1036800000
-0.1024000000
-0.1011200000
-0.1049600000
-0.1177600000
-0.1587200000
-0.2816001000
-0.5580802000
-0.9113600000
-0.9958402000
-0.5286400000
0.3481600000
1.1302400000
1.2646400000
0.6758398000
-0.0716800200
-0.3699200000
-0.2009600000
0.0192000000
0.0435200000
-0.0384000000
-0.0908800200
-0.1536000000
-0.2854400000
-0.3520001000
-0.1638400000
0.1190400000
0.0204800000
-0.6080000000
-1.2364800000
-1.2083200000
-0.4876800000
0.3097600000
0.5849600000
0.3328000000
0.0102400000
-0.0332800000
0.1574400000
0.3430400000
0.3379200000
0.0691199900
-0.3340800000
-0.5580802000
-0.3699200000
0.0998399900
0.4262400000
0.3046399000
-0.1420800000
-0.5350400000
-0.6336001000
-0.4940800000
-0.3315200000
-0.2777600000
-0.2598400000
-0.1433600000
0.0383999900
0.1305600000
0.0499199900
-0.1459200000
-0.2752000000
-0.1945600000
0.0524800000
0.2406400000
0.1638400000
-0.1267200000
-0.3276801000
-0.1766400000
0.2419200000
0.5439998000
0.4377599000
0.0627199900
-0.1740800000
-0.1228800000
-0.0652800200
-0.3059200000
-0.7155200000
-0.8806400000
-0.6105602000
-0.1523200000
0.0819200000
-0.0422400000
-0.3084800000
-0.5017600000
-0.5900800000
-0.5632001000
-0.3174400000
0.1574400000
0.6015998000
0.6681600000
0.3161600000
-0.1318400000
-0.3328000000
-0.2035200000
0.1139200000
0.4044800000
0.4812800000
0.2598400000
-0.1510400000
-0.4864000000
-0.5491202000
-0.3136000000
0.1126400000
0.5951998000
0.9113598000
0.7628800000
0.0729599900
-0.7795200000
-1.2569600000
-1.1251200000
-0.5542401000
0.0640000000
0.3545600000
0.1920000000
-0.2278400000
-0.5696001000
-0.6438402000
-0.4838400000
-0.2483200000
-0.1100800000
-0.1600000000
-0.3225600000
-0.4108800000
-0.2316800000
0.2803200000
0.9369599000
1.3414400000
1.2108800000
0.6003200000
-0.1766400000
-0.7321602000
-0.8460802000
-0.6272000000
-0.3737600000
-0.3033600000
-0.4160000000
-0.6003201000
-0.7385602000
-0.7232002000
-0.4940800000
-0.1574400000
0.0972800000
0.2265600000
0.3519999000
0.5491198000
0.7526399000
0.8460798000
0.7372799000
0.4096000000
-0.0409600100
-0.4505600000
-0.7244800000
-0.9164802000
-1.0944000000
-1.2454400000
-1.2953600000
-1.1801600000
-0.8806400000
-0.4774401000
-0.0908800200
0.2342400000
0.5529598000
0.8588798000
1.0073600000
0.8831998000
0.5695999000
0.2675200000
0.0921599900
-0.0115200000
-0.1587200000
-0.4032000000
-0.7116802000
-0.9830401000
-1.0611200000
-0.8358401000
-0.3571200000
0.1600000000
0.5286398000
0.7308798000
0.8985598000
1.1315200000
1.3145600000
1.2134400000
0.6835200000
-0.1728000000
-0.9984002000
-1.4028800000
-1.2454400000
-0.7040001000
-0.0870400200
0.3699200000
0.5785599000
0.5260799000
0.2931200000
-0.0012800000
-0.2688000000
-0.4992000000
-0.7129600000
-0.8998401000
-1.0278400000
-1.0764800000
-1.0252800000
-0.8460802000
-0.5260800000
-0.1459200000
0.1203200000
0.1433600000
0.0076800000
-0.0448000100
0.1446400000
0.5273600000
0.9535998000
1.3107200000
1.5206400000
1.4924800000
1.1737600000
0.6438400000
0.0985599800
-0.3276801000
-0.5964800000
-0.7360002000
-0.8371202000
-1.0022400000
-1.2633600000
-1.5116800000
-1.5692800000
-1.3504000000
-0.9420800000
-0.5158402000
-0.1740800000
0.1267200000
0.4684799000
0.8204799000
1.0368000000
0.9651200000
0.5977600000
0.1100800000
-0.2521600000
-0.3494400000
-0.2380800000
-0.1011200000
-0.1126400000
-0.2867200000
-0.4748800000
-0.5043200000
-0.3033600000
0.0281600000
0.3020800000
0.3839999000
0.2956800000
0.1548800000
0.0575999800
-0.0064000000
-0.1088000000
-0.2649601000
-0.4006400000
-0.4454401000
-0.4057600000
-0.3596801000
-0.3481600000
-0.3251200000
-0.2137600000
-0.0064000000
0.2060800000
0.3033600000
0.2457600000
0.1062400000
-0.0012800000
-0.0217600000
0.0243200000
0.0729599900
0.0780799700
0.0563200000
0.0780799700
0.1472000000
0.1766400000
0.0755199800
-0.1356800000
-0.3417600000
-0.4147201000
-0.3353601000
-0.2048000000
-0.1600000000
-0.2508800000
-0.3891200000
-0.4569600000
-0.4121600000
-0.3174400000
-0.2611200000
-0.2560000000
-0.2470400000
-0.1612800000
0.0217600000
0.2521600000
0.4300799000
0.4736000000
0.3801600000
0.2009600000
-0.0140800000
-0.2163200000
-0.3571200000
-0.4044800000
-0.3673601000
-0.2675200000
-0.1344000000
-0.0076800010
0.0614400000
0.0627199900
0.0383999900
0.0320000000
0.0473600000
0.0499199900
0.0051200000
-0.0768000000
-0.1420800000
-0.1459200000
-0.0972800100
-0.0640000100
-0.1036800000
-0.1945600000
-0.2841600000
-0.3340800000
-0.3622400000
-0.3776000000
-0.3584000000
-0.2700800000
-0.1216000000
0.0294400000
0.1216000000
0.1228800000
0.0588799900
-0.0268800000
-0.1011200000
-0.1408000000
-0.1523200000
-0.1497600000
-0.1433600000
-0.1356800000
-0.1177600000
-0.0960000000
-0.0960000000
-0.1344000000
-0.1932800000
-0.2368000000
-0.2406400000
-0.2176000000
-0.1779200000
-0.1254400000
-0.0588800000
0.0128000000
0.0678400000
0.0819200000
0.0448000000
-0.0320000100
-0.1305600000
-0.2240000000
-0.2880000000
-0.3020800000
-0.2854400000
-0.2649601000
-0.2521600000
-0.2201600000
-0.1382400000
-0.0064000000
0.1254400000
0.2086400000
0.2304000000
0.2240000000
0.2112000000
0.1779200000
0.0908799800
-0.0435200000
-0.1664000000
-0.2112000000
-0.1715200000
-0.1190400000
-0.1318400000
-0.2265600000
-0.3328000000
-0.3648000000
-0.2995200000
-0.1958400000
-0.1331200000
-0.1484800000
-0.2124800000
-0.2521600000
-0.2137600000
-0.1139200000
-0.0128000000
0.0371199800
0.0435200000
0.0588799900
0.1292800000
0.2368000000
0.3238400000
0.3315200000
0.2624000000
0.1587200000
0.0755199800
0.0192000000
-0.0384000000
-0.1241600000
-0.2342400000
-0.3302400000
-0.3814400000
-0.3955200000
-0.3980801000
-0.4057600000
-0.4147201000
-0.4147201000
-0.3827201000
-0.3072000000
-0.2099200000
-0.1305600000
-0.0908800200
-0.0768000000
-0.0576000100
-0.0345600000
-0.0256000000
-0.0460800000
-0.0985600200
-0.1574400000
-0.1868800000
-0.1753600000
-0.1382400000
-0.1100800000
-0.1139200000
-0.1395200000
-0.1612800000
-0.1612800000
-0.1395200000
-0.1036800000
-0.0614400100
-0.0217600000
0.0128000000
0.0383999900
0.0511999900
0.0435200000
0.0179200000
-0.0051200010
-0.0102400000
0.0025600000
0.0153600000
0.0128000000
0.0012800000
-0.0064000000
-0.0153600000
-0.0384000000
-0.0883200000
-0.1484800000
-0.1843200000
-0.1651200000
-0.1049600000
-0.0384000000
-0.0064000000
-0.0204800000
-0.0627200000
-0.1126400000
-0.1612800000
-0.2073600000
-0.2393600000
-0.2598400000
-0.2662400000
-0.2624000000
-0.2419200000
-0.2060800000
-0.1587200000
-0.1139200000
-0.0857600100
-0.0704000100
-0.0448000100
0.0000000000
0.0499199900
0.0652799800
0.0345599900
-0.0204800000
-0.0691200000
-0.1024000000
-0.1241600000
-0.1420800000
-0.1574400000
-0.1676800000
-0.1792000000
-0.1907200000
-0.2035200000
-0.2124800000
-0.2201600000
-0.2163200000
-0.1920000000
-0.1472000000
-0.0960000000
-0.0576000100
-0.0332800000
-0.0204800000
-0.0102400000
-0.0076800010
-0.0153600000
-0.0294400000
-0.0396800000
-0.0371200100
-0.0281600000
-0.0294400000
-0.0537600100
-0.1036800000
-0.1587200000
-0.1984000000
-0.2099200000
-0.1881600000
-0.1523200000
-0.1113600000
-0.0806400000
-0.0614400100
-0.0563200000
-0.0640000100
-0.0768000000
-0.0883200000
-0.0921600000
-0.0921600000
-0.0934400100
-0.0998400000
-0.1088000000
-0.1075200000
-0.0844800000
-0.0486400100
-0.0204800000
-0.0204800000
-0.0460800000
-0.0793600200
-0.0998400000
-0.1036800000
-0.1011200000
-0.1113600000
-0.1408000000
-0.1817600000
-0.2163200000
-0.2368000000
-0.2444800000
-0.2496000000
-0.2483200000
-0.2291200000
-0.1843200000
-0.1267200000
-0.0806400000
-0.0563200000
-0.0486400100
-0.0422400000
-0.0371200100
-0.0371200100
-0.0473600000
-0.0640000100
-0.0832000200
-0.0985600200
-0.1036800000
-0.0985600200
-0.0844800000
-0.0768000000
-0.0793600200
-0.0972800100
-0.1228800000
-0.1408000000
-0.1459200000
-0.1433600000
-0.1382400000
-0.1395200000
-0.1472000000
-0.1612800000
-0.1817600000
-0.1945600000
-0.1907200000
-0.1689600000
-0.1344000000
-0.1024000000
-0.0806400000
-0.0729600000
-0.0678400200
-0.0563200000
-0.0422400000
-0.0320000100
-0.0320000100
-0.0422400000
-0.0486400100
-0.0422400000
-0.0268800000
-0.0140800000
-0.0179200000
-0.0422400000
-0.0793600200
-0.1190400000
-0.1548800000
-0.1792000000
-0.1830400000
-0.1676800000
-0.1382400000
-0.1088000000
-0.0921600000
-0.0934400100
-0.1049600000
-0.1139200000
-0.1088000000
-0.0934400100
-0.0768000000
-0.0755200200
-0.0883200000
-0.1036800000
-0.1062400000
-0.0972800100
-0.0960000000
-0.1139200000
-0.1484800000
-0.1766400000
-0.1830400000
-0.1651200000
-0.1433600000
-0.1331200000
-0.1369600000
-0.1369600000
-0.1152000000
-0.0716800200
-0.0217600000
0.0089599970
0.0153600000
0.0038400000
-0.0051200010
-0.0076800010
-0.0076800010
-0.0166400000
-0.0384000000
-0.0652800200
-0.0857600100
-0.0985600200
-0.1088000000
-0.1241600000
-0.1395200000
-0.1446400000
-0.1318400000
-0.1113600000
-0.0947200200
-0.0844800000
-0.0793600200
-0.0768000000
-0.0768000000
-0.0806400000
-0.0934400100
-0.1075200000
-0.1228800000
-0.1318400000
-0.1318400000
-0.1267200000
-0.1216000000
-0.1190400000
-0.1113600000
-0.0998400000
-0.0896000100
-0.0883200000
-0.0960000000
-0.1049600000
-0.1036800000
-0.0960000000
-0.0883200000
-0.0921600000
-0.0985600200
-0.0998400000
-0.0934400100
-0.0857600100
-0.0844800000
-0.0908800200
-0.0985600200
-0.1011200000
-0.0947200200
-0.0819200100
-0.0704000100
-0.0640000100
-0.0652800200
-0.0691200000
-0.0742400100
-0.0793600200
-0.0844800000
-0.0908800200
-0.0908800200
-0.0832000200
-0.0729600000
-0.0627200000
-0.0640000100
-0.0780800100
-0.0998400000
-0.1203200000
-0.1331200000
-0.1408000000
-0.1433600000
-0.1446400000
-0.1459200000
-0.1497600000
-0.1536000000
-0.1536000000
-0.1472000000
-0.1382400000
-0.1344000000
-0.1331200000
-0.1344000000
-0.1331200000
-0.1292800000
-0.1241600000
-0.1216000000
-0.1190400000
-0.1177600000
-0.1152000000
-0.1088000000
-0.0972800100
-0.0755200200
-0.0499200000
-0.0294400000
-0.0268800000
-0.0396800000
-0.0627200000
-0.0780800100
-0.0755200200
-0.0588800000
-0.0460800000
-0.0435200000
-0.0537600100
-0.0652800200
-0.0729600000
-0.0755200200
-0.0768000000
-0.0768000000
-0.0716800200
-0.0640000100
-0.0614400100
-0.0678400200
-0.0793600200
-0.0934400100
-0.1036800000
-0.1062400000
-0.1088000000
-0.1164800000
-0.1254400000
-0.1305600000
-0.1241600000
-0.1100800000
-0.0985600200
-0.0934400100
-0.0972800100
-0.1011200000
-0.1024000000
-0.0998400000
-0.0985600200
-0.1036800000
-0.1113600000
-0.1190400000
-0.1228800000
-0.1190400000
-0.1126400000
-0.1062400000
-0.1024000000
-0.0998400000
-0.0985600200
-0.0934400100
-0.0844800000
-0.0768000000
-0.0729600000
-0.0678400200
-0.0640000100
-0.0601600000
-0.0640000100
-0.0755200200
-0.0883200000
-0.0998400000
-0.1049600000
-0.1075200000
-0.1126400000
-0.1203200000
-0.1216000000
-0.1177600000
-0.1088000000
-0.1024000000
-0.0998400000
-0.1011200000
-0.1024000000
-0.1049600000
-0.1075200000
-0.1164800000
-0.1305600000
-0.1433600000
-0.1548800000
-0.1587200000
-0.1612800000
-0.1638400000
-0.1702400000
-0.1792000000
-0.1856000000
-0.1856000000
-0.1817600000
-0.1766400000
-0.1702400000
-0.1625600000
-0.1523200000
-0.1369600000
-0.1190400000
-0.1049600000
-0.0960000000
-0.0960000000
-0.1011200000
-0.1062400000
-0.1049600000
-0.0960000000
-0.0844800000
-0.0768000000
-0.0716800200
-0.0716800200
-0.0691200000
-0.0640000100
-0.0614400100
-0.0665600000
-0.0780800100
-0.0883200000
-0.0947200200
-0.0960000000
-0.0921600000
-0.0844800000
-0.0768000000
-0.0716800200
-0.0704000100
-0.0716800200
-0.0755200200
-0.0793600200
-0.0908800200
-0.1088000000
-0.1292800000
-0.1433600000
-0.1420800000
-0.1292800000
-0.1088000000
-0.0908800200
-0.0780800100
-0.0704000100
-0.0691200000
-0.0704000100
-0.0729600000
-0.0742400100
-0.0768000000
-0.0793600200
-0.0857600100
-0.0908800200
-0.0921600000
-0.0870400200
-0.0768000000
-0.0640000100
-0.0537600100
-0.0537600100
-0.0588800000
-0.0665600000
-0.0729600000
-0.0768000000
-0.0780800100
-0.0805604377
-0.0815970281
-0.0786571779
-0.0718139137
-0.0649311609
-0.0617528572
-0.0670499218
-0.0756526853
-0.0849866308
-0.0914638992
-0.0929165350
-0.0907362736
-0.0873269220
-0.0848840596
-0.0843431526
-0.0855148359
-0.0853490116
-0.0793873910
-0.0700479771
-0.0603195031
-0.0535438286
-0.0501549867
-0.0489745136
-0.0489733871
-0.0486400050
-0.0473853113
-0.0459025119
-0.0431663046
-0.0408712701
-0.0380317046
-0.0339696240
-0.0305026040
-0.0275292448
-0.0255480932
-0.0242712043
-0.0222766701
-0.0195833157
-0.0163052474
-0.0124840796
-0.0091671843
-0.0061770695
-0.0041165137
-0.0027409814
-0.0018876084
-0.0013469247
-0.0009450185
-0.0005894803
-0.0002826092
-0.0000757736
-0.0000000000
