-25.325000	0.000000
-25.300000	0.000000
-25.275000	0.000000
-25.250000	0.000000
-25.225000	0.000000
-25.200000	0.000000
-25.175000	0.000000
-25.150000	0.000000
-25.125000	0.000000
-25.100000	0.000000
-25.075000	0.000000
-25.050000	0.000000
-25.025000	0.000000
-25.000000	0.000000
-24.975000	0.000000
-24.950000	0.000000
-24.925000	0.000000
-24.900000	0.000000
-24.875000	0.000000
-24.850000	0.000000
-24.825000	0.000000
-24.800000	0.000000
-24.775000	0.000000
-24.750000	0.000000
-24.725000	0.000000
-24.700000	0.000000
-24.675000	0.000000
-24.650000	0.000000
-24.625000	0.000000
-24.600000	0.000000
-24.575000	0.000000
-24.550000	0.000000
-24.525000	0.000000
-24.500000	0.000000
-24.475000	0.000000
-24.450000	0.000000
-24.425000	0.000000
-24.400000	0.000000
-24.375000	0.000000
-24.350000	0.000000
-24.325000	0.000000
-24.300000	0.000000
-24.275000	0.000000
-24.250000	0.000000
-24.225000	0.000000
-24.200000	0.000000
-24.175000	0.000000
-24.150000	0.000000
-24.125000	0.000000
-24.100000	0.000000
-24.075000	0.000000
-24.050000	0.000000
-24.025000	0.000000
-24.000000	0.000000
-23.975000	0.000000
-23.950000	0.000000
-23.925000	0.000000
-23.900000	0.000000
-23.875000	0.000000
-23.850000	0.000000
-23.825000	0.000000
-23.800000	0.000000
-23.775000	0.000000
-23.750000	0.000000
-23.725000	0.000000
-23.700000	0.000000
-23.675000	0.000000
-23.650000	0.000000
-23.625000	0.000000
-23.600000	0.000000
-23.575000	0.000000
-23.550000	0.000000
-23.525000	0.000000
-23.500000	0.000000
-23.475000	0.000000
-23.450000	0.000000
-23.425000	0.000000
-23.400000	0.000000
-23.375000	0.000000
-23.350000	0.000000
-23.325000	0.000000
-23.300000	0.000000
-23.275000	0.000000
-23.250000	0.000000
-23.225000	0.000000
-23.200000	0.000000
-23.175000	0.000000
-23.150000	0.000000
-23.125000	0.000000
-23.100000	0.000000
-23.075000	0.000000
-23.050000	0.000000
-23.025000	0.000000
-23.000000	0.000000
-22.975000	0.000000
-22.950000	0.000000
-22.925000	0.000000
-22.900000	0.000000
-22.875000	0.000000
-22.850000	0.000000
-22.825000	0.000000
-22.800000	0.000000
-22.775000	0.000000
-22.750000	0.000000
-22.725000	0.000000
-22.700000	0.000000
-22.675000	0.000000
-22.650000	0.000000
-22.625000	0.000000
-22.600000	0.000000
-22.575000	0.000000
-22.550000	0.000000
-22.525000	0.000000
-22.500000	0.000000
-22.475000	0.000000
-22.450000	0.000000
-22.425000	0.000000
-22.400000	0.000000
-22.375000	0.000000
-22.350000	0.000000
-22.325000	0.000000
-22.300000	0.000000
-22.275000	0.000000
-22.250000	0.000000
-22.225000	0.000000
-22.200000	0.000000
-22.175000	0.000000
-22.150000	0.000000
-22.125000	0.000000
-22.100000	0.000000
-22.075000	0.000000
-22.050000	0.000000
-22.025000	0.000000
-22.000000	0.000000
-21.975000	0.000000
-21.950000	0.000000
-21.925000	0.000000
-21.900000	0.000000
-21.875000	0.000000
-21.850000	0.000000
-21.825000	0.000000
-21.800000	0.000000
-21.775000	0.000000
-21.750000	0.000000
-21.725000	0.000000
-21.700000	0.000000
-21.675000	0.000000
-21.650000	0.000000
-21.625000	0.000000
-21.600000	0.000000
-21.575000	0.000000
-21.550000	0.000000
-21.525000	0.000000
-21.500000	0.000000
-21.475000	0.000000
-21.450000	0.000000
-21.425000	0.000000
-21.400000	0.000000
-21.375000	0.000000
-21.350000	0.000000
-21.325000	0.000000
-21.300000	0.000000
-21.275000	0.000000
-21.250000	0.000000
-21.225000	0.000000
-21.200000	0.000000
-21.175000	0.000000
-21.150000	0.000000
-21.125000	0.000000
-21.100000	0.000000
-21.075000	0.000000
-21.050000	0.000000
-21.025000	0.000000
-21.000000	0.000000
-20.975000	0.000000
-20.950000	0.000000
-20.925000	0.000000
-20.900000	0.000000
-20.875000	0.000000
-20.850000	0.000000
-20.825000	0.000000
-20.800000	0.000000
-20.775000	0.000000
-20.750000	0.000000
-20.725000	0.000000
-20.700000	0.000000
-20.675000	0.000000
-20.650000	0.000000
-20.625000	0.000000
-20.600000	0.000000
-20.575000	0.000000
-20.550000	0.000000
-20.525000	0.000000
-20.500000	0.000000
-20.475000	0.000000
-20.450000	0.000000
-20.425000	0.000000
-20.400000	0.000000
-20.375000	0.000000
-20.350000	0.000000
-20.325000	0.000000
-20.300000	0.000000
-20.275000	0.000000
-20.250000	0.000000
-20.225000	0.000000
-20.200000	0.000000
-20.175000	0.000000
-20.150000	0.000000
-20.125000	0.000000
-20.100000	0.000000
-20.075000	0.000000
-20.050000	0.000000
-20.025000	0.000000
-20.000000	0.000000
-19.975000	0.000000
-19.950000	0.000000
-19.925000	0.000000
-19.900000	0.000000
-19.875000	0.000000
-19.850000	0.000000
-19.825000	0.000000
-19.800000	0.000000
-19.775000	0.000000
-19.750000	0.000000
-19.725000	0.000000
-19.700000	0.000000
-19.675000	0.000000
-19.650000	0.000000
-19.625000	0.000000
-19.600000	0.000000
-19.575000	0.000000
-19.550000	0.000000
-19.525000	0.000000
-19.500000	0.000000
-19.475000	0.000000
-19.450000	0.000000
-19.425000	0.000000
-19.400000	0.000000
-19.375000	0.000000
-19.350000	0.000000
-19.325000	0.000000
-19.300000	0.000000
-19.275000	0.000000
-19.250000	0.000000
-19.225000	0.000000
-19.200000	0.000000
-19.175000	0.000000
-19.150000	0.000000
-19.125000	0.000000
-19.100000	0.000000
-19.075000	0.000000
-19.050000	0.000000
-19.025000	0.000000
-19.000000	0.000000
-18.975000	0.000000
-18.950000	0.000000
-18.925000	0.000000
-18.900000	0.000000
-18.875000	0.000000
-18.850000	0.000000
-18.825000	0.000000
-18.800000	0.000000
-18.775000	0.000000
-18.750000	0.000000
-18.725000	0.000000
-18.700000	0.000000
-18.675000	0.000000
-18.650000	0.000000
-18.625000	0.000000
-18.600000	0.000000
-18.575000	0.000000
-18.550000	0.000000
-18.525000	0.000000
-18.500000	0.000000
-18.475000	0.000000
-18.450000	0.000000
-18.425000	0.000000
-18.400000	0.000000
-18.375000	0.000000
-18.350000	0.000000
-18.325000	0.000000
-18.300000	0.000000
-18.275000	0.000000
-18.250000	0.000000
-18.225000	0.000000
-18.200000	0.000000
-18.175000	0.000000
-18.150000	0.000000
-18.125000	0.000000
-18.100000	0.000000
-18.075000	0.000000
-18.050000	0.000000
-18.025000	0.000000
-18.000000	0.000000
-17.975000	0.000000
-17.950000	0.000000
-17.925000	0.000000
-17.900000	0.000000
-17.875000	0.000000
-17.850000	0.000000
-17.825000	0.000000
-17.800000	0.000000
-17.775000	0.000000
-17.750000	0.000000
-17.725000	0.000000
-17.700000	0.000000
-17.675000	0.000000
-17.650000	0.000000
-17.625000	0.000000
-17.600000	0.000000
-17.575000	0.000000
-17.550000	0.000000
-17.525000	0.000000
-17.500000	0.000000
-17.475000	0.000000
-17.450000	0.000000
-17.425000	0.000000
-17.400000	0.000000
-17.375000	0.000000
-17.350000	0.000000
-17.325000	0.000000
-17.300000	0.000000
-17.275000	0.000000
-17.250000	0.000000
-17.225000	0.000000
-17.200000	0.000000
-17.175000	0.000000
-17.150000	0.000000
-17.125000	0.000000
-17.100000	0.000000
-17.075000	0.000000
-17.050000	0.000000
-17.025000	0.000000
-17.000000	0.000000
-16.975000	0.000000
-16.950000	0.000000
-16.925000	0.000000
-16.900000	0.000000
-16.875000	0.000000
-16.850000	0.000000
-16.825000	0.000000
-16.800000	0.000000
-16.775000	0.000000
-16.750000	0.000000
-16.725000	0.000000
-16.700000	0.000000
-16.675000	0.000000
-16.650000	0.000000
-16.625000	0.000000
-16.600000	0.000000
-16.575000	0.000000
-16.550000	0.000000
-16.525000	0.000000
-16.500000	0.000000
-16.475000	0.000000
-16.450000	0.000000
-16.425000	0.000000
-16.400000	0.000000
-16.375000	0.000000
-16.350000	0.000000
-16.325000	0.000000
-16.300000	0.000000
-16.275000	0.000000
-16.250000	0.000000
-16.225000	0.000000
-16.200000	0.000000
-16.175000	0.000000
-16.150000	0.000000
-16.125000	0.000000
-16.100000	0.000000
-16.075000	0.000000
-16.050000	0.000000
-16.025000	0.000000
-16.000000	0.000000
-15.975000	0.000000
-15.950000	0.000000
-15.925000	0.000000
-15.900000	0.000000
-15.875000	0.000000
-15.850000	0.000000
-15.825000	0.000000
-15.800000	0.000000
-15.775000	0.000000
-15.750000	0.000000
-15.725000	0.000000
-15.700000	0.000000
-15.675000	0.000000
-15.650000	0.000000
-15.625000	0.000000
-15.600000	0.000000
-15.575000	0.000000
-15.550000	0.000000
-15.525000	0.000000
-15.500000	0.000000
-15.475000	0.000000
-15.450000	0.000000
-15.425000	0.000000
-15.400000	0.000000
-15.375000	0.000000
-15.350000	0.000000
-15.325000	0.000000
-15.300000	0.000000
-15.275000	0.000000
-15.250000	0.000000
-15.225000	0.000000
-15.200000	0.000000
-15.175000	0.000000
-15.150000	0.000000
-15.125000	0.000000
-15.100000	0.000000
-15.075000	0.000000
-15.050000	0.000000
-15.025000	0.000000
-15.000000	0.000000
-14.975000	0.000000
-14.950000	0.000000
-14.925000	0.000000
-14.900000	0.000000
-14.875000	0.000000
-14.850000	0.000000
-14.825000	0.000000
-14.800000	0.000000
-14.775000	0.000000
-14.750000	0.000000
-14.725000	0.000000
-14.700000	0.000000
-14.675000	0.000000
-14.650000	0.000000
-14.625000	0.000000
-14.600000	0.000000
-14.575000	0.000000
-14.550000	0.000000
-14.525000	0.000000
-14.500000	0.000000
-14.475000	0.000000
-14.450000	0.000000
-14.425000	0.000000
-14.400000	0.000000
-14.375000	0.000000
-14.350000	0.000000
-14.325000	0.000000
-14.300000	0.000000
-14.275000	0.000000
-14.250000	0.000000
-14.225000	0.000000
-14.200000	0.000000
-14.175000	0.000000
-14.150000	0.000000
-14.125000	0.000000
-14.100000	0.000000
-14.075000	0.000000
-14.050000	0.000000
-14.025000	0.000000
-14.000000	0.000000
-13.975000	0.000000
-13.950000	0.000000
-13.925000	0.000000
-13.900000	0.000000
-13.875000	0.000000
-13.850000	0.000000
-13.825000	0.000000
-13.800000	0.000000
-13.775000	0.000000
-13.750000	0.000000
-13.725000	0.000000
-13.700000	0.000000
-13.675000	0.000000
-13.650000	0.000000
-13.625000	0.000000
-13.600000	0.000000
-13.575000	0.000000
-13.550000	0.000000
-13.525000	0.000000
-13.500000	0.000000
-13.475000	0.000000
-13.450000	0.000000
-13.425000	0.000000
-13.400000	0.000000
-13.375000	0.000000
-13.350000	0.000000
-13.325000	0.000000
-13.300000	0.000000
-13.275000	0.000000
-13.250000	0.000000
-13.225000	0.000000
-13.200000	0.000000
-13.175000	0.000000
-13.150000	0.000000
-13.125000	0.000000
-13.100000	0.000000
-13.075000	0.000000
-13.050000	0.000000
-13.025000	0.000000
-13.000000	0.000000
-12.975000	0.000000
-12.950000	0.000000
-12.925000	0.000000
-12.900000	0.000000
-12.875000	0.000000
-12.850000	0.000000
-12.825000	0.000000
-12.800000	0.000000
-12.775000	0.000000
-12.750000	0.000000
-12.725000	0.000000
-12.700000	0.000000
-12.675000	0.000000
-12.650000	0.000000
-12.625000	0.000000
-12.600000	0.000000
-12.575000	0.000000
-12.550000	0.000000
-12.525000	0.000000
-12.500000	0.000000
-12.475000	0.000000
-12.450000	0.000000
-12.425000	0.000000
-12.400000	0.000000
-12.375000	0.000000
-12.350000	0.000000
-12.325000	0.000000
-12.300000	0.000000
-12.275000	0.000000
-12.250000	0.000000
-12.225000	0.000000
-12.200000	0.000000
-12.175000	0.000000
-12.150000	0.000000
-12.125000	0.000000
-12.100000	0.000000
-12.075000	0.000000
-12.050000	0.000000
-12.025000	0.000000
-12.000000	0.000000
-11.975000	0.000000
-11.950000	0.000000
-11.925000	0.000000
-11.900000	0.000000
-11.875000	0.000000
-11.850000	0.000000
-11.825000	0.000000
-11.800000	0.000000
-11.775000	0.000000
-11.750000	0.000000
-11.725000	0.000000
-11.700000	0.000000
-11.675000	0.000000
-11.650000	0.000000
-11.625000	0.000000
-11.600000	0.000000
-11.575000	0.000000
-11.550000	0.000000
-11.525000	0.000000
-11.500000	0.000000
-11.475000	0.000000
-11.450000	0.000000
-11.425000	0.000000
-11.400000	0.000000
-11.375000	0.000000
-11.350000	0.000000
-11.325000	0.000000
-11.300000	0.000000
-11.275000	0.000000
-11.250000	0.000000
-11.225000	0.000000
-11.200000	0.000000
-11.175000	0.000000
-11.150000	0.000000
-11.125000	0.000000
-11.100000	0.000000
-11.075000	0.000000
-11.050000	0.000001
-11.025000	0.000001
-11.000000	0.000001
-10.975000	0.000001
-10.950000	0.000001
-10.925000	0.000001
-10.900000	0.000001
-10.875000	0.000001
-10.850000	0.000001
-10.825000	0.000001
-10.800000	0.000001
-10.775000	0.000001
-10.750000	0.000001
-10.725000	0.000001
-10.700000	0.000001
-10.675000	0.000001
-10.650000	0.000001
-10.625000	0.000002
-10.600000	0.000002
-10.575000	0.000002
-10.550000	0.000002
-10.525000	0.000002
-10.500000	0.000002
-10.475000	0.000002
-10.450000	0.000002
-10.425000	0.000003
-10.400000	0.000003
-10.375000	0.000003
-10.350000	0.000003
-10.325000	0.000003
-10.300000	0.000004
-10.275000	0.000004
-10.250000	0.000004
-10.225000	0.000004
-10.200000	0.000005
-10.175000	0.000005
-10.150000	0.000005
-10.125000	0.000006
-10.100000	0.000006
-10.075000	0.000006
-10.050000	0.000007
-10.025000	0.000007
-10.000000	0.000007
-9.975000	0.000008
-9.950000	0.000008
-9.925000	0.000009
-9.900000	0.000010
-9.875000	0.000010
-9.850000	0.000011
-9.825000	0.000011
-9.800000	0.000012
-9.775000	0.000013
-9.750000	0.000014
-9.725000	0.000014
-9.700000	0.000015
-9.675000	0.000016
-9.650000	0.000017
-9.625000	0.000018
-9.600000	0.000019
-9.575000	0.000020
-9.550000	0.000022
-9.525000	0.000023
-9.500000	0.000024
-9.475000	0.000026
-9.450000	0.000027
-9.425000	0.000029
-9.400000	0.000030
-9.375000	0.000032
-9.350000	0.000034
-9.325000	0.000036
-9.300000	0.000038
-9.275000	0.000040
-9.250000	0.000043
-9.225000	0.000045
-9.200000	0.000048
-9.175000	0.000050
-9.150000	0.000053
-9.125000	0.000056
-9.100000	0.000060
-9.075000	0.000063
-9.050000	0.000066
-9.025000	0.000070
-9.000000	0.000074
-8.975000	0.000078
-8.950000	0.000083
-8.925000	0.000087
-8.900000	0.000092
-8.875000	0.000097
-8.850000	0.000102
-8.825000	0.000108
-8.800000	0.000114
-8.775000	0.000120
-8.750000	0.000126
-8.725000	0.000133
-8.700000	0.000140
-8.675000	0.000148
-8.650000	0.000156
-8.625000	0.000164
-8.600000	0.000173
-8.575000	0.000182
-8.550000	0.000192
-8.525000	0.000202
-8.500000	0.000212
-8.475000	0.000223
-8.450000	0.000235
-8.425000	0.000247
-8.400000	0.000260
-8.375000	0.000274
-8.350000	0.000288
-8.325000	0.000302
-8.300000	0.000318
-8.275000	0.000334
-8.250000	0.000351
-8.225000	0.000369
-8.200000	0.000388
-8.175000	0.000407
-8.150000	0.000428
-8.125000	0.000449
-8.100000	0.000471
-8.075000	0.000495
-8.050000	0.000519
-8.025000	0.000545
-8.000000	0.000572
-7.975000	0.000600
-7.950000	0.000629
-7.925000	0.000660
-7.900000	0.000692
-7.875000	0.000725
-7.850000	0.000760
-7.825000	0.000797
-7.800000	0.000835
-7.775000	0.000875
-7.750000	0.000917
-7.725000	0.000960
-7.700000	0.001005
-7.675000	0.001053
-7.650000	0.001102
-7.625000	0.001154
-7.600000	0.001207
-7.575000	0.001264
-7.550000	0.001322
-7.525000	0.001383
-7.500000	0.001447
-7.475000	0.001513
-7.450000	0.001582
-7.425000	0.001654
-7.400000	0.001729
-7.375000	0.001807
-7.350000	0.001888
-7.325000	0.001973
-7.300000	0.002061
-7.275000	0.002152
-7.250000	0.002248
-7.225000	0.002347
-7.200000	0.002450
-7.175000	0.002558
-7.150000	0.002669
-7.125000	0.002785
-7.100000	0.002906
-7.075000	0.003032
-7.050000	0.003162
-7.025000	0.003298
-7.000000	0.003438
-6.975000	0.003585
-6.950000	0.003737
-6.925000	0.003894
-6.900000	0.004058
-6.875000	0.004228
-6.850000	0.004404
-6.825000	0.004587
-6.800000	0.004777
-6.775000	0.004974
-6.750000	0.005179
-6.725000	0.005390
-6.700000	0.005610
-6.675000	0.005838
-6.650000	0.006074
-6.625000	0.006318
-6.600000	0.006572
-6.575000	0.006834
-6.550000	0.007106
-6.525000	0.007387
-6.500000	0.007679
-6.475000	0.007980
-6.450000	0.008292
-6.425000	0.008616
-6.400000	0.008950
-6.375000	0.009296
-6.350000	0.009653
-6.325000	0.010023
-6.300000	0.010406
-6.275000	0.010801
-6.250000	0.011209
-6.225000	0.011632
-6.200000	0.012068
-6.175000	0.012519
-6.150000	0.012984
-6.125000	0.013465
-6.100000	0.013961
-6.075000	0.014473
-6.050000	0.015002
-6.025000	0.015548
-6.000000	0.016111
-5.975000	0.016692
-5.950000	0.017291
-5.925000	0.017909
-5.900000	0.018545
-5.875000	0.019202
-5.850000	0.019879
-5.825000	0.020576
-5.800000	0.021295
-5.775000	0.022035
-5.750000	0.022798
-5.725000	0.023583
-5.700000	0.024391
-5.675000	0.025223
-5.650000	0.026080
-5.625000	0.026961
-5.600000	0.027868
-5.575000	0.028801
-5.550000	0.029760
-5.525000	0.030747
-5.500000	0.031761
-5.475000	0.032804
-5.450000	0.033876
-5.425000	0.034977
-5.400000	0.036108
-5.375000	0.037271
-5.350000	0.038464
-5.325000	0.039690
-5.300000	0.040949
-5.275000	0.042240
-5.250000	0.043566
-5.225000	0.044927
-5.200000	0.046322
-5.175000	0.047754
-5.150000	0.049222
-5.125000	0.050728
-5.100000	0.052271
-5.075000	0.053853
-5.050000	0.055475
-5.025000	0.057136
-5.000000	0.058838
-4.975000	0.060581
-4.950000	0.062366
-4.925000	0.064194
-4.900000	0.066065
-4.875000	0.067980
-4.850000	0.069939
-4.825000	0.071944
-4.800000	0.073995
-4.775000	0.076093
-4.750000	0.078238
-4.725000	0.080431
-4.700000	0.082673
-4.675000	0.084964
-4.650000	0.087305
-4.625000	0.089696
-4.600000	0.092139
-4.575000	0.094634
-4.550000	0.097181
-4.525000	0.099781
-4.500000	0.102435
-4.475000	0.105144
-4.450000	0.107907
-4.425000	0.110726
-4.400000	0.113600
-4.375000	0.116532
-4.350000	0.119520
-4.325000	0.122566
-4.300000	0.125671
-4.275000	0.128834
-4.250000	0.132056
-4.225000	0.135339
-4.200000	0.138681
-4.175000	0.142084
-4.150000	0.145547
-4.125000	0.149073
-4.100000	0.152660
-4.075000	0.156309
-4.050000	0.160021
-4.025000	0.163796
-4.000000	0.167634
-3.975000	0.171535
-3.950000	0.175500
-3.925000	0.179530
-3.900000	0.183623
-3.875000	0.187781
-3.850000	0.192003
-3.825000	0.196291
-3.800000	0.200643
-3.775000	0.205060
-3.750000	0.209542
-3.725000	0.214089
-3.700000	0.218701
-3.675000	0.223379
-3.650000	0.228121
-3.625000	0.232928
-3.600000	0.237800
-3.575000	0.242737
-3.550000	0.247738
-3.525000	0.252804
-3.500000	0.257933
-3.475000	0.263127
-3.450000	0.268383
-3.425000	0.273703
-3.400000	0.279086
-3.375000	0.284531
-3.350000	0.290038
-3.325000	0.295607
-3.300000	0.301236
-3.275000	0.306925
-3.250000	0.312675
-3.225000	0.318483
-3.200000	0.324350
-3.175000	0.330275
-3.150000	0.336257
-3.125000	0.342295
-3.100000	0.348388
-3.075000	0.354536
-3.050000	0.360738
-3.025000	0.366992
-3.000000	0.373298
-2.975000	0.379655
-2.950000	0.386061
-2.925000	0.392516
-2.900000	0.399019
-2.875000	0.405568
-2.850000	0.412161
-2.825000	0.418799
-2.800000	0.425480
-2.775000	0.432201
-2.750000	0.438963
-2.725000	0.445763
-2.700000	0.452600
-2.675000	0.459473
-2.650000	0.466380
-2.625000	0.473319
-2.600000	0.480290
-2.575000	0.487290
-2.550000	0.494318
-2.525000	0.501372
-2.500000	0.508450
-2.475000	0.515551
-2.450000	0.522673
-2.425000	0.529815
-2.400000	0.536973
-2.375000	0.544147
-2.350000	0.551335
-2.325000	0.558534
-2.300000	0.565743
-2.275000	0.572960
-2.250000	0.580182
-2.225000	0.587408
-2.200000	0.594637
-2.175000	0.601864
-2.150000	0.609090
-2.125000	0.616311
-2.100000	0.623525
-2.075000	0.630731
-2.050000	0.637926
-2.025000	0.645108
-2.000000	0.652275
-1.975000	0.659424
-1.950000	0.666554
-1.925000	0.673662
-1.900000	0.680747
-1.875000	0.687805
-1.850000	0.694834
-1.825000	0.701834
-1.800000	0.708800
-1.775000	0.715731
-1.750000	0.722625
-1.725000	0.729479
-1.700000	0.736291
-1.675000	0.743060
-1.650000	0.749782
-1.625000	0.756456
-1.600000	0.763079
-1.575000	0.769649
-1.550000	0.776164
-1.525000	0.782622
-1.500000	0.789021
-1.475000	0.795358
-1.450000	0.801631
-1.425000	0.807839
-1.400000	0.813978
-1.375000	0.820048
-1.350000	0.826046
-1.325000	0.831969
-1.300000	0.837817
-1.275000	0.843586
-1.250000	0.849276
-1.225000	0.854884
-1.200000	0.860407
-1.175000	0.865846
-1.150000	0.871196
-1.125000	0.876458
-1.100000	0.881628
-1.075000	0.886705
-1.050000	0.891689
-1.025000	0.896575
-1.000000	0.901365
-0.975000	0.906054
-0.950000	0.910643
-0.925000	0.915130
-0.900000	0.919513
-0.875000	0.923791
-0.850000	0.927962
-0.825000	0.932025
-0.800000	0.935979
-0.775000	0.939823
-0.750000	0.943556
-0.725000	0.947176
-0.700000	0.950682
-0.675000	0.954073
-0.650000	0.957349
-0.625000	0.960508
-0.600000	0.963549
-0.575000	0.966473
-0.550000	0.969277
-0.525000	0.971962
-0.500000	0.974526
-0.475000	0.976969
-0.450000	0.979291
-0.425000	0.981491
-0.400000	0.983568
-0.375000	0.985522
-0.350000	0.987353
-0.325000	0.989061
-0.300000	0.990645
-0.275000	0.992105
-0.250000	0.993441
-0.225000	0.994654
-0.200000	0.995742
-0.175000	0.996706
-0.150000	0.997546
-0.125000	0.998263
-0.100000	0.998856
-0.075000	0.999326
-0.050000	0.999673
-0.025000	0.999898
0.000000	1.000000
0.025000	0.999981
0.050000	0.999840
0.075000	0.999579
0.100000	0.999198
0.125000	0.998697
0.150000	0.998078
0.175000	0.997341
0.200000	0.996487
0.225000	0.995517
0.250000	0.994432
0.275000	0.993232
0.300000	0.991918
0.325000	0.990492
0.350000	0.988955
0.375000	0.987307
0.400000	0.985550
0.425000	0.983685
0.450000	0.981714
0.475000	0.979636
0.500000	0.977454
0.525000	0.975170
0.550000	0.972783
0.575000	0.970296
0.600000	0.967710
0.625000	0.965027
0.650000	0.962247
0.675000	0.959373
0.700000	0.956406
0.725000	0.953346
0.750000	0.950197
0.775000	0.946959
0.800000	0.943634
0.825000	0.940223
0.850000	0.936729
0.875000	0.933152
0.900000	0.929495
0.925000	0.925759
0.950000	0.921945
0.975000	0.918056
1.000000	0.914092
1.025000	0.910057
1.050000	0.905950
1.075000	0.901775
1.100000	0.897533
1.125000	0.893225
1.150000	0.888853
1.175000	0.884418
1.200000	0.879924
1.225000	0.875371
1.250000	0.870760
1.275000	0.866094
1.300000	0.861375
1.325000	0.856604
1.350000	0.851782
1.375000	0.846912
1.400000	0.841994
1.425000	0.837031
1.450000	0.832025
1.475000	0.826977
1.500000	0.821888
1.525000	0.816760
1.550000	0.811595
1.575000	0.806395
1.600000	0.801160
1.625000	0.795893
1.650000	0.790595
1.675000	0.785267
1.700000	0.779912
1.725000	0.774529
1.750000	0.769122
1.775000	0.763692
1.800000	0.758239
1.825000	0.752766
1.850000	0.747273
1.875000	0.741762
1.900000	0.736235
1.925000	0.730692
1.950000	0.725135
1.975000	0.719566
2.000000	0.713985
2.025000	0.708394
2.050000	0.702794
2.075000	0.697187
2.100000	0.691572
2.125000	0.685953
2.150000	0.680329
2.175000	0.674701
2.200000	0.669072
2.225000	0.663441
2.250000	0.657811
2.275000	0.652182
2.300000	0.646554
2.325000	0.640930
2.350000	0.635309
2.375000	0.629693
2.400000	0.624083
2.425000	0.618480
2.450000	0.612884
2.475000	0.607296
2.500000	0.601717
2.525000	0.596149
2.550000	0.590591
2.575000	0.585044
2.600000	0.579510
2.625000	0.573988
2.650000	0.568480
2.675000	0.562987
2.700000	0.557508
2.725000	0.552045
2.750000	0.546598
2.775000	0.541167
2.800000	0.535754
2.825000	0.530359
2.850000	0.524983
2.875000	0.519625
2.900000	0.514287
2.925000	0.508968
2.950000	0.503671
2.975000	0.498394
3.000000	0.493138
3.025000	0.487904
3.050000	0.482692
3.075000	0.477503
3.100000	0.472337
3.125000	0.467195
3.150000	0.462076
3.175000	0.456981
3.200000	0.451910
3.225000	0.446865
3.250000	0.441844
3.275000	0.436849
3.300000	0.431879
3.325000	0.426935
3.350000	0.422018
3.375000	0.417127
3.400000	0.412263
3.425000	0.407426
3.450000	0.402616
3.475000	0.397833
3.500000	0.393079
3.525000	0.388352
3.550000	0.383653
3.575000	0.378983
3.600000	0.374341
3.625000	0.369728
3.650000	0.365143
3.675000	0.360588
3.700000	0.356062
3.725000	0.351565
3.750000	0.347098
3.775000	0.342661
3.800000	0.338253
3.825000	0.333875
3.850000	0.329528
3.875000	0.325210
3.900000	0.320923
3.925000	0.316667
3.950000	0.312441
3.975000	0.308246
4.000000	0.304081
4.025000	0.299948
4.050000	0.295845
4.075000	0.291774
4.100000	0.287734
4.125000	0.283725
4.150000	0.279748
4.175000	0.275802
4.200000	0.271888
4.225000	0.268005
4.250000	0.264154
4.275000	0.260335
4.300000	0.256547
4.325000	0.252792
4.350000	0.249069
4.375000	0.245377
4.400000	0.241718
4.425000	0.238091
4.450000	0.234496
4.475000	0.230933
4.500000	0.227403
4.525000	0.223904
4.550000	0.220439
4.575000	0.217005
4.600000	0.213604
4.625000	0.210236
4.650000	0.206899
4.675000	0.203596
4.700000	0.200324
4.725000	0.197086
4.750000	0.193880
4.775000	0.190706
4.800000	0.187565
4.825000	0.184456
4.850000	0.181380
4.875000	0.178336
4.900000	0.175325
4.925000	0.172346
4.950000	0.169400
4.975000	0.166486
5.000000	0.163604
5.025000	0.160755
5.050000	0.157938
5.075000	0.155153
5.100000	0.152400
5.125000	0.149680
5.150000	0.146991
5.175000	0.144335
5.200000	0.141710
5.225000	0.139118
5.250000	0.136557
5.275000	0.134028
5.300000	0.131530
5.325000	0.129064
5.350000	0.126630
5.375000	0.124227
5.400000	0.121855
5.425000	0.119514
5.450000	0.117205
5.475000	0.114926
5.500000	0.112678
5.525000	0.110461
5.550000	0.108274
5.575000	0.106118
5.600000	0.103991
5.625000	0.101895
5.650000	0.099829
5.675000	0.097793
5.700000	0.095787
5.725000	0.093810
5.750000	0.091862
5.775000	0.089943
5.800000	0.088054
5.825000	0.086193
5.850000	0.084361
5.875000	0.082557
5.900000	0.080782
5.925000	0.079034
5.950000	0.077315
5.975000	0.075623
6.000000	0.073959
6.025000	0.072321
6.050000	0.070711
6.075000	0.069128
6.100000	0.067571
6.125000	0.066041
6.150000	0.064537
6.175000	0.063059
6.200000	0.061606
6.225000	0.060179
6.250000	0.058777
6.275000	0.057400
6.300000	0.056048
6.325000	0.054720
6.350000	0.053417
6.375000	0.052138
6.400000	0.050882
6.425000	0.049650
6.450000	0.048441
6.475000	0.047255
6.500000	0.046092
6.525000	0.044951
6.550000	0.043833
6.575000	0.042736
6.600000	0.041661
6.625000	0.040608
6.650000	0.039575
6.675000	0.038564
6.700000	0.037573
6.725000	0.036603
6.750000	0.035652
6.775000	0.034722
6.800000	0.033811
6.825000	0.032919
6.850000	0.032046
6.875000	0.031192
6.900000	0.030357
6.925000	0.029540
6.950000	0.028740
6.975000	0.027958
7.000000	0.027194
7.025000	0.026447
7.050000	0.025716
7.075000	0.025003
7.100000	0.024305
7.125000	0.023624
7.150000	0.022958
7.175000	0.022308
7.200000	0.021673
7.225000	0.021054
7.250000	0.020449
7.275000	0.019858
7.300000	0.019282
7.325000	0.018720
7.350000	0.018171
7.375000	0.017636
7.400000	0.017115
7.425000	0.016606
7.450000	0.016110
7.475000	0.015627
7.500000	0.015156
7.525000	0.014697
7.550000	0.014249
7.575000	0.013814
7.600000	0.013389
7.625000	0.012976
7.650000	0.012574
7.675000	0.012182
7.700000	0.011801
7.725000	0.011430
7.750000	0.011069
7.775000	0.010718
7.800000	0.010377
7.825000	0.010044
7.850000	0.009721
7.875000	0.009408
7.900000	0.009102
7.925000	0.008806
7.950000	0.008518
7.975000	0.008238
8.000000	0.007966
8.025000	0.007702
8.050000	0.007445
8.075000	0.007196
8.100000	0.006954
8.125000	0.006720
8.150000	0.006492
8.175000	0.006271
8.200000	0.006057
8.225000	0.005849
8.250000	0.005647
8.275000	0.005452
8.300000	0.005262
8.325000	0.005079
8.350000	0.004901
8.375000	0.004728
8.400000	0.004561
8.425000	0.004399
8.450000	0.004242
8.475000	0.004091
8.500000	0.003944
8.525000	0.003801
8.550000	0.003664
8.575000	0.003531
8.600000	0.003402
8.625000	0.003277
8.650000	0.003156
8.675000	0.003040
8.700000	0.002927
8.725000	0.002818
8.750000	0.002713
8.775000	0.002611
8.800000	0.002512
8.825000	0.002417
8.850000	0.002326
8.875000	0.002237
8.900000	0.002151
8.925000	0.002069
8.950000	0.001989
8.975000	0.001912
9.000000	0.001838
9.025000	0.001766
9.050000	0.001697
9.075000	0.001630
9.100000	0.001566
9.125000	0.001504
9.150000	0.001444
9.175000	0.001387
9.200000	0.001331
9.225000	0.001278
9.250000	0.001226
9.275000	0.001176
9.300000	0.001129
9.325000	0.001083
9.350000	0.001038
9.375000	0.000996
9.400000	0.000955
9.425000	0.000915
9.450000	0.000877
9.475000	0.000841
9.500000	0.000806
9.525000	0.000772
9.550000	0.000739
9.575000	0.000708
9.600000	0.000678
9.625000	0.000649
9.650000	0.000621
9.675000	0.000595
9.700000	0.000569
9.725000	0.000545
9.750000	0.000521
9.775000	0.000498
9.800000	0.000477
9.825000	0.000456
9.850000	0.000436
9.875000	0.000417
9.900000	0.000398
9.925000	0.000381
9.950000	0.000364
9.975000	0.000348
10.000000	0.000332
10.025000	0.000317
10.050000	0.000303
10.075000	0.000289
10.100000	0.000276
10.125000	0.000263
10.150000	0.000251
10.175000	0.000240
10.200000	0.000229
10.225000	0.000218
10.250000	0.000208
10.275000	0.000199
10.300000	0.000189
10.325000	0.000181
10.350000	0.000172
10.375000	0.000164
10.400000	0.000156
10.425000	0.000149
10.450000	0.000142
10.475000	0.000135
10.500000	0.000129
10.525000	0.000122
10.550000	0.000117
10.575000	0.000111
10.600000	0.000106
10.625000	0.000100
10.650000	0.000096
10.675000	0.000091
10.700000	0.000087
10.725000	0.000082
10.750000	0.000078
10.775000	0.000074
10.800000	0.000071
10.825000	0.000067
10.850000	0.000064
10.875000	0.000061
10.900000	0.000058
10.925000	0.000055
10.950000	0.000052
10.975000	0.000049
11.000000	0.000047
11.025000	0.000044
11.050000	0.000042
11.075000	0.000040
11.100000	0.000038
11.125000	0.000036
11.150000	0.000034
11.175000	0.000032
11.200000	0.000031
11.225000	0.000029
11.250000	0.000028
11.275000	0.000026
11.300000	0.000025
11.325000	0.000023
11.350000	0.000022
11.375000	0.000021
11.400000	0.000020
11.425000	0.000019
11.450000	0.000018
11.475000	0.000017
11.500000	0.000016
11.525000	0.000015
11.550000	0.000014
11.575000	0.000014
11.600000	0.000013
11.625000	0.000012
11.650000	0.000011
11.675000	0.000011
11.700000	0.000010
11.725000	0.000010
11.750000	0.000009
11.775000	0.000009
11.800000	0.000008
11.825000	0.000008
11.850000	0.000007
11.875000	0.000007
11.900000	0.000006
11.925000	0.000006
11.950000	0.000006
11.975000	0.000005
12.000000	0.000005
12.025000	0.000005
12.050000	0.000005
12.075000	0.000004
12.100000	0.000004
12.125000	0.000004
12.150000	0.000004
12.175000	0.000003
12.200000	0.000003
12.225000	0.000003
12.250000	0.000003
12.275000	0.000003
12.300000	0.000003
12.325000	0.000002
12.350000	0.000002
12.375000	0.000002
12.400000	0.000002
12.425000	0.000002
12.450000	0.000002
12.475000	0.000002
12.500000	0.000002
12.525000	0.000001
12.550000	0.000001
12.575000	0.000001
12.600000	0.000001
12.625000	0.000001
12.650000	0.000001
12.675000	0.000001
12.700000	0.000001
12.725000	0.000001
12.750000	0.000001
12.775000	0.000001
12.800000	0.000001
12.825000	0.000001
12.850000	0.000001
12.875000	0.000001
12.900000	0.000001
12.925000	0.000001
12.950000	0.000001
12.975000	0.000000
13.000000	0.000000
13.025000	0.000000
13.050000	0.000000
13.075000	0.000000
13.100000	0.000000
13.125000	0.000000
13.150000	0.000000
13.175000	0.000000
13.200000	0.000000
13.225000	0.000000
13.250000	0.000000
13.275000	0.000000
13.300000	0.000000
13.325000	0.000000
13.350000	0.000000
13.375000	0.000000
13.400000	0.000000
13.425000	0.000000
13.450000	0.000000
13.475000	0.000000
13.500000	0.000000
13.525000	0.000000
13.550000	0.000000
13.575000	0.000000
13.600000	0.000000
13.625000	0.000000
13.650000	0.000000
13.675000	0.000000
13.700000	0.000000
13.725000	0.000000
13.750000	0.000000
13.775000	0.000000
13.800000	0.000000
13.825000	0.000000
13.850000	0.000000
13.875000	0.000000
13.900000	0.000000
13.925000	0.000000
13.950000	0.000000
13.975000	0.000000
14.000000	0.000000
14.025000	0.000000
14.050000	0.000000
14.075000	0.000000
14.100000	0.000000
14.125000	0.000000
14.150000	0.000000
14.175000	0.000000
14.200000	0.000000
14.225000	0.000000
14.250000	0.000000
14.275000	0.000000
14.300000	0.000000
14.325000	0.000000
14.350000	0.000000
14.375000	0.000000
14.400000	0.000000
14.425000	0.000000
14.450000	0.000000
14.475000	0.000000
14.500000	0.000000
14.525000	0.000000
14.550000	0.000000
14.575000	0.000000
14.600000	0.000000
14.625000	0.000000
14.650000	0.000000
14.675000	0.000000
14.700000	0.000000
14.725000	0.000000
14.750000	0.000000
14.775000	0.000000
14.800000	0.000000
14.825000	0.000000
14.850000	0.000000
14.875000	0.000000
14.900000	0.000000
14.925000	0.000000
14.950000	0.000000
14.975000	0.000000
15.000000	0.000000
15.025000	0.000000
15.050000	0.000000
15.075000	0.000000
15.100000	0.000000
15.125000	0.000000
15.150000	0.000000
15.175000	0.000000
15.200000	0.000000
15.225000	0.000000
15.250000	0.000000
15.275000	0.000000
15.300000	0.000000
15.325000	0.000000
15.350000	0.000000
15.375000	0.000000
15.400000	0.000000
15.425000	0.000000
15.450000	0.000000
15.475000	0.000000
15.500000	0.000000
15.525000	0.000000
15.550000	0.000000
15.575000	0.000000
15.600000	0.000000
15.625000	0.000000
15.650000	0.000000
15.675000	0.000000
15.700000	0.000000
15.725000	0.000000
15.750000	0.000000
15.775000	0.000000
15.800000	0.000000
15.825000	0.000000
15.850000	0.000000
15.875000	0.000000
15.900000	0.000000
15.925000	0.000000
15.950000	0.000000
15.975000	0.000000
16.000000	0.000000
16.025000	0.000000
16.050000	0.000000
16.075000	0.000000
16.100000	0.000000
16.125000	0.000000
16.150000	0.000000
16.175000	0.000000
16.200000	0.000000
16.225000	0.000000
16.250000	0.000000
16.275000	0.000000
16.300000	0.000000
16.325000	0.000000
16.350000	0.000000
16.375000	0.000000
16.400000	0.000000
16.425000	0.000000
16.450000	0.000000
16.475000	0.000000
16.500000	0.000000
16.525000	0.000000
16.550000	0.000000
16.575000	0.000000
16.600000	0.000000
16.625000	0.000000
16.650000	0.000000
16.675000	0.000000
16.700000	0.000000
16.725000	0.000000
16.750000	0.000000
16.775000	0.000000
16.800000	0.000000
16.825000	0.000000
16.850000	0.000000
16.875000	0.000000
16.900000	0.000000
16.925000	0.000000
16.950000	0.000000
16.975000	0.000000
17.000000	0.000000
17.025000	0.000000
17.050000	0.000000
17.075000	0.000000
17.100000	0.000000
17.125000	0.000000
17.150000	0.000000
17.175000	0.000000
17.200000	0.000000
17.225000	0.000000
17.250000	0.000000
17.275000	0.000000
17.300000	0.000000
17.325000	0.000000
17.350000	0.000000
17.375000	0.000000
17.400000	0.000000
17.425000	0.000000
17.450000	0.000000
17.475000	0.000000
17.500000	0.000000
17.525000	0.000000
17.550000	0.000000
17.575000	0.000000
17.600000	0.000000
17.625000	0.000000
17.650000	0.000000
17.675000	0.000000
17.700000	0.000000
17.725000	0.000000
17.750000	0.000000
17.775000	0.000000
17.800000	0.000000
17.825000	0.000000
17.850000	0.000000
17.875000	0.000000
17.900000	0.000000
17.925000	0.000000
17.950000	0.000000
17.975000	0.000000
18.000000	0.000000
18.025000	0.000000
18.050000	0.000000
18.075000	0.000000
18.100000	0.000000
18.125000	0.000000
18.150000	0.000000
18.175000	0.000000
18.200000	0.000000
18.225000	0.000000
18.250000	0.000000
18.275000	0.000000
18.300000	0.000000
18.325000	0.000000
18.350000	0.000000
18.375000	0.000000
18.400000	0.000000
18.425000	0.000000
18.450000	0.000000
18.475000	0.000000
18.500000	0.000000
18.525000	0.000000
18.550000	0.000000
18.575000	0.000000
18.600000	0.000000
18.625000	0.000000
18.650000	0.000000
18.675000	0.000000
18.700000	0.000000
18.725000	0.000000
18.750000	0.000000
18.775000	0.000000
18.800000	0.000000
18.825000	0.000000
18.850000	0.000000
18.875000	0.000000
18.900000	0.000000
18.925000	0.000000
18.950000	0.000000
18.975000	0.000000
19.000000	0.000000
19.025000	0.000000
19.050000	0.000000
19.075000	0.000000
19.100000	0.000000
19.125000	0.000000
19.150000	0.000000
19.175000	0.000000
19.200000	0.000000
19.225000	0.000000
19.250000	0.000000
19.275000	0.000000
19.300000	0.000000
19.325000	0.000000
19.350000	0.000000
19.375000	0.000000
19.400000	0.000000
19.425000	0.000000
19.450000	0.000000
19.475000	0.000000
19.500000	0.000000
19.525000	0.000000
19.550000	0.000000
19.575000	0.000000
19.600000	0.000000
19.625000	0.000000
19.650000	0.000000
19.675000	0.000000
19.700000	0.000000
19.725000	0.000000
19.750000	0.000000
19.775000	0.000000
19.800000	0.000000
19.825000	0.000000
19.850000	0.000000
19.875000	0.000000
19.900000	0.000000
19.925000	0.000000
19.950000	0.000000
19.975000	0.000000
20.000000	0.000000
20.025000	0.000000
20.050000	0.000000
20.075000	0.000000
20.100000	0.000000
20.125000	0.000000
20.150000	0.000000
20.175000	0.000000
20.200000	0.000000
20.225000	0.000000
20.250000	0.000000
20.275000	0.000000
20.300000	0.000000
20.325000	0.000000
20.350000	0.000000
20.375000	0.000000
20.400000	0.000000
20.425000	0.000000
20.450000	0.000000
20.475000	0.000000
20.500000	0.000000
20.525000	0.000000
20.550000	0.000000
20.575000	0.000000
20.600000	0.000000
20.625000	0.000000
20.650000	0.000000
20.675000	0.000000
20.700000	0.000000
20.725000	0.000000
20.750000	0.000000
20.775000	0.000000
20.800000	0.000000
20.825000	0.000000
20.850000	0.000000
20.875000	0.000000
20.900000	0.000000
20.925000	0.000000
20.950000	0.000000
20.975000	0.000000
21.000000	0.000000
21.025000	0.000000
21.050000	0.000000
21.075000	0.000000
21.100000	0.000000
21.125000	0.000000
21.150000	0.000000
21.175000	0.000000
21.200000	0.000000
21.225000	0.000000
21.250000	0.000000
21.275000	0.000000
21.300000	0.000000
21.325000	0.000000
21.350000	0.000000
21.375000	0.000000
21.400000	0.000000
21.425000	0.000000
21.450000	0.000000
21.475000	0.000000
21.500000	0.000000
21.525000	0.000000
21.550000	0.000000
21.575000	0.000000
21.600000	0.000000
21.625000	0.000000
21.650000	0.000000
21.675000	0.000000
21.700000	0.000000
21.725000	0.000000
21.750000	0.000000
21.775000	0.000000
21.800000	0.000000
21.825000	0.000000
21.850000	0.000000
21.875000	0.000000
21.900000	0.000000
21.925000	0.000000
21.950000	0.000000
21.975000	0.000000
22.000000	0.000000
22.025000	0.000000
22.050000	0.000000
22.075000	0.000000
22.100000	0.000000
22.125000	0.000000
22.150000	0.000000
22.175000	0.000000
22.200000	0.000000
22.225000	0.000000
22.250000	0.000000
22.275000	0.000000
22.300000	0.000000
22.325000	0.000000
22.350000	0.000000
22.375000	0.000000
22.400000	0.000000
22.425000	0.000000
22.450000	0.000000
22.475000	0.000000
22.500000	0.000000
22.525000	0.000000
22.550000	0.000000
22.575000	0.000000
22.600000	0.000000
22.625000	0.000000
22.650000	0.000000
22.675000	0.000000
22.700000	0.000000
22.725000	0.000000
22.750000	0.000000
22.775000	0.000000
22.800000	0.000000
22.825000	0.000000
22.850000	0.000000
22.875000	0.000000
22.900000	0.000000
22.925000	0.000000
22.950000	0.000000
22.975000	0.000000
23.000000	0.000000
23.025000	0.000000
23.050000	0.000000
23.075000	0.000000
23.100000	0.000000
23.125000	0.000000
23.150000	0.000000
23.175000	0.000000
23.200000	0.000000
23.225000	0.000000
23.250000	0.000000
23.275000	0.000000
23.300000	0.000000
23.325000	0.000000
23.350000	0.000000
23.375000	0.000000
23.400000	0.000000
23.425000	0.000000
23.450000	0.000000
23.475000	0.000000
23.500000	0.000000
23.525000	0.000000
23.550000	0.000000
23.575000	0.000000
23.600000	0.000000
23.625000	0.000000
23.650000	0.000000
23.675000	0.000000
23.700000	0.000000
23.725000	0.000000
23.750000	0.000000
23.775000	0.000000
23.800000	0.000000
23.825000	0.000000
23.850000	0.000000
23.875000	0.000000
23.900000	0.000000
23.925000	0.000000
23.950000	0.000000
23.975000	0.000000
24.000000	0.000000
24.025000	0.000000
24.050000	0.000000
24.075000	0.000000
24.100000	0.000000
24.125000	0.000000
24.150000	0.000000
24.175000	0.000000
24.200000	0.000000
24.225000	0.000000
24.250000	0.000000
24.275000	0.000000
24.300000	0.000000
24.325000	0.000000
24.350000	0.000000
24.375000	0.000000
24.400000	0.000000
24.425000	0.000000
24.450000	0.000000
24.475000	0.000000
24.500000	0.000000
24.525000	0.000000
24.550000	0.000000
24.575000	0.000000
24.600000	0.000000
24.625000	0.000000
24.650000	0.000000
24.675000	0.000000
