0.000000	0.000000
0.025000	0.000000
0.050000	0.000000
0.075000	0.000000
0.100000	0.000000
0.125000	0.000000
0.150000	0.000000
0.175000	0.000000
0.200000	0.000000
0.225000	0.000000
0.250000	0.000000
0.275000	0.000000
0.300000	0.000000
0.325000	0.000000
0.350000	0.000000
0.375000	0.000000
0.400000	0.000000
0.425000	0.000000
0.450000	0.000000
0.475000	0.000000
0.500000	0.000000
0.525000	0.000000
0.550000	0.000000
0.575000	0.000000
0.600000	0.000000
0.625000	0.000000
0.650000	0.000000
0.675000	0.000000
0.700000	0.000000
0.725000	0.000000
0.750000	0.000000
0.775000	0.000000
0.800000	0.000000
0.825000	0.000000
0.850000	0.000000
0.875000	0.000000
0.900000	0.000000
0.925000	0.000000
0.950000	0.000000
0.975000	0.000000
1.000000	-0.000000
1.025000	-0.000000
1.050000	-0.000000
1.075000	-0.000000
1.100000	-0.000000
1.125000	-0.000000
1.150000	-0.000000
1.175000	-0.000000
1.200000	-0.000000
1.225000	-0.000000
1.250000	-0.000000
1.275000	-0.000000
1.300000	-0.000000
1.325000	-0.000000
1.350000	-0.000000
1.375000	-0.000000
1.400000	-0.000000
1.425000	-0.000000
1.450000	-0.000000
1.475000	-0.000000
1.500000	-0.000000
1.525000	-0.000000
1.550000	-0.000000
1.575000	-0.000000
1.600000	-0.000000
1.625000	-0.000000
1.650000	-0.000000
1.675000	-0.000000
1.700000	-0.000000
1.725000	-0.000000
1.750000	-0.000000
1.775000	-0.000000
1.800000	-0.000000
1.825000	-0.000000
1.850000	-0.000000
1.875000	-0.000000
1.900000	-0.000000
1.925000	-0.000000
1.950000	-0.000000
1.975000	-0.000000
2.000000	-0.000000
2.025000	-0.000000
2.050000	-0.000000
2.075000	-0.000000
2.100000	-0.000000
2.125000	-0.000000
2.150000	-0.000000
2.175000	-0.000000
2.200000	-0.000000
2.225000	-0.000000
2.250000	-0.000000
2.275000	-0.000000
2.300000	-0.000000
2.325000	-0.000000
2.350000	-0.000000
2.375000	-0.000000
2.400000	-0.000000
2.425000	-0.000000
2.450000	-0.000000
2.475000	-0.000000
2.500000	-0.000000
2.525000	-0.000000
2.550000	-0.000000
2.575000	-0.000000
2.600000	-0.000000
2.625000	-0.000000
2.650000	-0.000000
2.675000	-0.000000
2.700000	-0.000000
2.725000	-0.000000
2.750000	-0.000000
2.775000	-0.000000
2.800000	-0.000000
2.825000	-0.000000
2.850000	-0.000000
2.875000	-0.000000
2.900000	-0.000000
2.925000	-0.000000
2.950000	-0.000000
2.975000	-0.000000
3.000000	-0.000000
3.025000	-0.000000
3.050000	-0.000000
3.075000	-0.000000
3.100000	-0.000000
3.125000	-0.000000
3.150000	-0.000000
3.175000	-0.000000
3.200000	-0.000000
3.225000	-0.000000
3.250000	-0.000000
3.275000	-0.000000
3.300000	-0.000000
3.325000	-0.000000
3.350000	-0.000000
3.375000	-0.000000
3.400000	-0.000000
3.425000	-0.000000
3.450000	-0.000000
3.475000	-0.000000
3.500000	-0.000000
3.525000	-0.000000
3.550000	-0.000000
3.575000	-0.000000
3.600000	-0.000000
3.625000	-0.000000
3.650000	-0.000000
3.675000	-0.000000
3.700000	-0.000000
3.725000	-0.000000
3.750000	-0.000000
3.775000	-0.000000
3.800000	-0.000000
3.825000	-0.000000
3.850000	-0.000000
3.875000	-0.000000
3.900000	-0.000000
3.925000	-0.000000
3.950000	-0.000000
3.975000	-0.000000
4.000000	-0.000000
4.025000	-0.000000
4.050000	-0.000000
4.075000	-0.000000
4.100000	-0.000000
4.125000	-0.000000
4.150000	-0.000000
4.175000	-0.000000
4.200000	-0.000000
4.225000	-0.000000
4.250000	-0.000000
4.275000	-0.000000
4.300000	-0.000000
4.325000	-0.000000
4.350000	-0.000000
4.375000	-0.000000
4.400000	-0.000000
4.425000	-0.000000
4.450000	-0.000000
4.475000	-0.000000
4.500000	-0.000000
4.525000	-0.000000
4.550000	-0.000000
4.575000	-0.000000
4.600000	-0.000000
4.625000	-0.000000
4.650000	-0.000000
4.675000	-0.000000
4.700000	-0.000000
4.725000	-0.000000
4.750000	-0.000000
4.775000	-0.000000
4.800000	-0.000000
4.825000	-0.000000
4.850000	-0.000000
4.875000	-0.000000
4.900000	-0.000000
4.925000	-0.000000
4.950000	-0.000000
4.975000	-0.000000
5.000000	-0.000000
5.025000	-0.000000
5.050000	-0.000000
5.075000	-0.000000
5.100000	-0.000000
5.125000	-0.000000
5.150000	-0.000000
5.175000	-0.000000
5.200000	-0.000000
5.225000	-0.000000
5.250000	-0.000000
5.275000	-0.000000
5.300000	-0.000000
5.325000	-0.000000
5.350000	-0.000000
5.375000	-0.000000
5.400000	-0.000000
5.425000	-0.000000
5.450000	-0.000000
5.475000	-0.000000
5.500000	-0.000000
5.525000	-0.000000
5.550000	-0.000000
5.575000	-0.000000
5.600000	-0.000000
5.625000	-0.000000
5.650000	-0.000000
5.675000	-0.000000
5.700000	-0.000000
5.725000	-0.000000
5.750000	-0.000000
5.775000	-0.000000
5.800000	-0.000000
5.825000	-0.000000
5.850000	-0.000000
5.875000	-0.000000
5.900000	-0.000000
5.925000	-0.000000
5.950000	-0.000000
5.975000	-0.000000
6.000000	-0.000000
6.025000	-0.000000
6.050000	-0.000000
6.075000	-0.000000
6.100000	-0.000000
6.125000	-0.000000
6.150000	-0.000000
6.175000	-0.000000
6.200000	-0.000000
6.225000	-0.000000
6.250000	-0.000000
6.275000	-0.000000
6.300000	-0.000000
6.325000	-0.000000
6.350000	-0.000000
6.375000	-0.000000
6.400000	-0.000000
6.425000	-0.000000
6.450000	-0.000000
6.475000	-0.000000
6.500000	-0.000000
6.525000	-0.000000
6.550000	-0.000000
6.575000	-0.000000
6.600000	-0.000000
6.625000	-0.000000
6.650000	-0.000000
6.675000	-0.000000
6.700000	-0.000000
6.725000	-0.000000
6.750000	-0.000000
6.775000	-0.000000
6.800000	-0.000000
6.825000	-0.000000
6.850000	-0.000000
6.875000	-0.000000
6.900000	-0.000000
6.925000	-0.000000
6.950000	-0.000000
6.975000	-0.000000
7.000000	-0.000000
7.025000	-0.000000
7.050000	-0.000000
7.075000	-0.000000
7.100000	-0.000000
7.125000	-0.000000
7.150000	-0.000000
7.175000	-0.000000
7.200000	-0.000000
7.225000	-0.000000
7.250000	-0.000000
7.275000	-0.000000
7.300000	-0.000000
7.325000	-0.000000
7.350000	-0.000000
7.375000	-0.000000
7.400000	-0.000000
7.425000	-0.000000
7.450000	-0.000000
7.475000	-0.000000
7.500000	-0.000000
7.525000	-0.000000
7.550000	-0.000000
7.575000	-0.000000
7.600000	-0.000000
7.625000	-0.000000
7.650000	-0.000000
7.675000	-0.000000
7.700000	-0.000000
7.725000	-0.000000
7.750000	-0.000000
7.775000	-0.000000
7.800000	-0.000000
7.825000	-0.000000
7.850000	-0.000000
7.875000	-0.000000
7.900000	-0.000000
7.925000	-0.000000
7.950000	-0.000000
7.975000	-0.000000
8.000000	-0.000000
8.025000	-0.000000
8.050000	-0.000000
8.075000	-0.000000
8.100000	-0.000000
8.125000	-0.000000
8.150000	-0.000000
8.175000	-0.000000
8.200000	-0.000000
8.225000	-0.000000
8.250000	-0.000000
8.275000	-0.000000
8.300000	-0.000000
8.325000	-0.000000
8.350000	-0.000000
8.375000	-0.000000
8.400000	-0.000000
8.425000	-0.000000
8.450000	-0.000000
8.475000	-0.000000
8.500000	-0.000000
8.525000	-0.000000
8.550000	-0.000000
8.575000	-0.000000
8.600000	-0.000000
8.625000	-0.000000
8.650000	-0.000000
8.675000	-0.000000
8.700000	-0.000000
8.725000	-0.000000
8.750000	-0.000000
8.775000	-0.000000
8.800000	-0.000000
8.825000	-0.000000
8.850000	-0.000000
8.875000	-0.000000
8.900000	-0.000000
8.925000	-0.000000
8.950000	-0.000000
8.975000	-0.000000
9.000000	-0.000000
9.025000	-0.000000
9.050000	-0.000000
9.075000	-0.000000
9.100000	-0.000000
9.125000	-0.000000
9.150000	-0.000000
9.175000	-0.000000
9.200000	-0.000000
9.225000	-0.000000
9.250000	-0.000000
9.275000	-0.000000
9.300000	-0.000000
9.325000	-0.000000
9.350000	-0.000000
9.375000	-0.000000
9.400000	-0.000000
9.425000	-0.000000
9.450000	-0.000000
9.475000	-0.000000
9.500000	-0.000000
9.525000	-0.000000
9.550000	-0.000000
9.575000	-0.000000
9.600000	-0.000000
9.625000	-0.000000
9.650000	-0.000000
9.675000	-0.000000
9.700000	-0.000000
9.725000	-0.000000
9.750000	-0.000000
9.775000	-0.000000
9.800000	-0.000000
9.825000	-0.000000
9.850000	-0.000000
9.875000	-0.000000
9.900000	-0.000000
9.925000	-0.000000
9.950000	-0.000000
9.975000	-0.000000
10.000000	-0.000000
10.025000	-0.000000
10.050000	-0.000000
10.075000	-0.000000
10.100000	-0.000000
10.125000	-0.000000
10.150000	-0.000000
10.175000	-0.000000
10.200000	-0.000000
10.225000	-0.000000
10.250000	-0.000000
10.275000	-0.000000
10.300000	-0.000000
10.325000	-0.000000
10.350000	-0.000000
10.375000	-0.000000
10.400000	-0.000000
10.425000	-0.000000
10.450000	-0.000000
10.475000	-0.000000
10.500000	-0.000000
10.525000	-0.000000
10.550000	-0.000000
10.575000	-0.000000
10.600000	-0.000000
10.625000	-0.000000
10.650000	-0.000000
10.675000	-0.000000
10.700000	-0.000000
10.725000	-0.000000
10.750000	-0.000000
10.775000	-0.000000
10.800000	-0.000000
10.825000	-0.000000
10.850000	-0.000000
10.875000	-0.000000
10.900000	-0.000000
10.925000	-0.000000
10.950000	-0.000000
10.975000	-0.000000
11.000000	-0.000000
11.025000	-0.000000
11.050000	-0.000000
11.075000	-0.000000
11.100000	-0.000000
11.125000	-0.000000
11.150000	-0.000000
11.175000	-0.000000
11.200000	-0.000000
11.225000	-0.000000
11.250000	-0.000000
11.275000	-0.000000
11.300000	-0.000000
11.325000	-0.000000
11.350000	-0.000000
11.375000	-0.000000
11.400000	-0.000000
11.425000	-0.000000
11.450000	-0.000000
11.475000	-0.000000
11.500000	-0.000000
11.525000	-0.000000
11.550000	-0.000000
11.575000	-0.000000
11.600000	-0.000000
11.625000	-0.000000
11.650000	-0.000000
11.675000	-0.000000
11.700000	-0.000000
11.725000	-0.000000
11.750000	-0.000000
11.775000	-0.000000
11.800000	-0.000000
11.825000	-0.000000
11.850000	-0.000000
11.875000	-0.000000
11.900000	-0.000000
11.925000	-0.000000
11.950000	-0.000000
11.975000	-0.000000
12.000000	-0.000000
12.025000	-0.000000
12.050000	-0.000000
12.075000	-0.000000
12.100000	-0.000000
12.125000	-0.000000
12.150000	-0.000000
12.175000	-0.000000
12.200000	-0.000000
12.225000	-0.000000
12.250000	-0.000000
12.275000	-0.000000
12.300000	-0.000000
12.325000	-0.000000
12.350000	-0.000000
12.375000	-0.000000
12.400000	-0.000000
12.425000	-0.000000
12.450000	-0.000000
12.475000	-0.000000
12.500000	-0.000000
12.525000	-0.000000
12.550000	-0.000000
12.575000	-0.000000
12.600000	-0.000000
12.625000	-0.000000
12.650000	-0.000000
12.675000	-0.000000
12.700000	-0.000000
12.725000	-0.000000
12.750000	-0.000000
12.775000	-0.000000
12.800000	-0.000000
12.825000	-0.000000
12.850000	-0.000000
12.875000	-0.000000
12.900000	-0.000000
12.925000	-0.000000
12.950000	-0.000000
12.975000	-0.000000
13.000000	-0.000000
13.025000	-0.000000
13.050000	-0.000000
13.075000	-0.000000
13.100000	-0.000000
13.125000	-0.000000
13.150000	-0.000000
13.175000	-0.000000
13.200000	-0.000000
13.225000	-0.000000
13.250000	-0.000000
13.275000	-0.000000
13.300000	-0.000000
13.325000	-0.000000
13.350000	-0.000000
13.375000	-0.000000
13.400000	-0.000000
13.425000	-0.000000
13.450000	-0.000000
13.475000	-0.000000
13.500000	-0.000000
13.525000	-0.000000
13.550000	-0.000000
13.575000	-0.000000
13.600000	-0.000000
13.625000	-0.000000
13.650000	-0.000000
13.675000	-0.000000
13.700000	-0.000000
13.725000	-0.000000
13.750000	-0.000000
13.775000	-0.000000
13.800000	-0.000000
13.825000	-0.000000
13.850000	-0.000000
13.875000	-0.000000
13.900000	-0.000000
13.925000	-0.000000
13.950000	-0.000000
13.975000	-0.000000
14.000000	-0.000000
14.025000	-0.000000
14.050000	-0.000000
14.075000	-0.000000
14.100000	-0.000000
14.125000	-0.000000
14.150000	-0.000000
14.175000	-0.000000
14.200000	-0.000000
14.225000	-0.000000
14.250000	-0.000000
14.275000	-0.000000
14.300000	-0.000000
14.325000	-0.000000
14.350000	-0.000000
14.375000	-0.000000
14.400000	-0.000000
14.425000	-0.000000
14.450000	-0.000000
14.475000	-0.000000
14.500000	-0.000000
14.525000	-0.000000
14.550000	-0.000000
14.575000	-0.000000
14.600000	-0.000000
14.625000	-0.000000
14.650000	-0.000000
14.675000	-0.000000
14.700000	-0.000000
14.725000	-0.000000
14.750000	-0.000000
14.775000	-0.000000
14.800000	-0.000000
14.825000	-0.000000
14.850000	-0.000000
14.875000	-0.000000
14.900000	-0.000000
14.925000	-0.000000
14.950000	-0.000000
14.975000	-0.000000
15.000000	-0.000000
15.025000	-0.000000
15.050000	-0.000000
15.075000	-0.000000
15.100000	-0.000000
15.125000	-0.000000
15.150000	-0.000000
15.175000	-0.000000
15.200000	-0.000000
15.225000	-0.000000
15.250000	-0.000000
15.275000	-0.000000
15.300000	-0.000000
15.325000	-0.000000
15.350000	-0.000000
15.375000	-0.000000
15.400000	-0.000000
15.425000	-0.000000
15.450000	-0.000000
15.475000	-0.000000
15.500000	-0.000000
15.525000	-0.000000
15.550000	-0.000000
15.575000	-0.000000
15.600000	-0.000000
15.625000	-0.000000
15.650000	-0.000000
15.675000	-0.000000
15.700000	-0.000000
15.725000	-0.000000
15.750000	-0.000000
15.775000	-0.000000
15.800000	-0.000000
15.825000	-0.000000
15.850000	-0.000000
15.875000	-0.000000
15.900000	-0.000000
15.925000	-0.000000
15.950000	-0.000000
15.975000	-0.000000
16.000000	-0.000000
16.025000	-0.000000
16.050000	-0.000000
16.075000	-0.000000
16.100000	-0.000000
16.125000	-0.000000
16.150000	-0.000000
16.175000	-0.000001
16.200000	-0.000001
16.225000	-0.000001
16.250000	-0.000001
16.275000	-0.000001
16.300000	-0.000001
16.325000	-0.000001
16.350000	-0.000001
16.375000	-0.000001
16.400000	-0.000001
16.425000	-0.000001
16.450000	-0.000001
16.475000	-0.000001
16.500000	-0.000001
16.525000	-0.000001
16.550000	-0.000001
16.575000	-0.000001
16.600000	-0.000001
16.625000	-0.000002
16.650000	-0.000002
16.675000	-0.000002
16.700000	-0.000002
16.725000	-0.000002
16.750000	-0.000002
16.775000	-0.000002
16.800000	-0.000002
16.825000	-0.000002
16.850000	-0.000003
16.875000	-0.000003
16.900000	-0.000003
16.925000	-0.000003
16.950000	-0.000003
16.975000	-0.000003
17.000000	-0.000004
17.025000	-0.000004
17.050000	-0.000004
17.075000	-0.000004
17.100000	-0.000005
17.125000	-0.000005
17.150000	-0.000005
17.175000	-0.000005
17.200000	-0.000006
17.225000	-0.000006
17.250000	-0.000006
17.275000	-0.000007
17.300000	-0.000007
17.325000	-0.000007
17.350000	-0.000008
17.375000	-0.000008
17.400000	-0.000009
17.425000	-0.000009
17.450000	-0.000010
17.475000	-0.000010
17.500000	-0.000011
17.525000	-0.000011
17.550000	-0.000012
17.575000	-0.000013
17.600000	-0.000013
17.625000	-0.000014
17.650000	-0.000015
17.675000	-0.000016
17.700000	-0.000016
17.725000	-0.000017
17.750000	-0.000018
17.775000	-0.000019
17.800000	-0.000020
17.825000	-0.000021
17.850000	-0.000022
17.875000	-0.000024
17.900000	-0.000025
17.925000	-0.000026
17.950000	-0.000027
17.975000	-0.000029
18.000000	-0.000030
18.025000	-0.000032
18.050000	-0.000033
18.075000	-0.000035
18.100000	-0.000037
18.125000	-0.000039
18.150000	-0.000041
18.175000	-0.000043
18.200000	-0.000045
18.225000	-0.000047
18.250000	-0.000049
18.275000	-0.000052
18.300000	-0.000054
18.325000	-0.000057
18.350000	-0.000060
18.375000	-0.000063
18.400000	-0.000066
18.425000	-0.000069
18.450000	-0.000073
18.475000	-0.000076
18.500000	-0.000080
18.525000	-0.000084
18.550000	-0.000087
18.575000	-0.000092
18.600000	-0.000096
18.625000	-0.000101
18.650000	-0.000105
18.675000	-0.000110
18.700000	-0.000115
18.725000	-0.000121
18.750000	-0.000126
18.775000	-0.000132
18.800000	-0.000138
18.825000	-0.000145
18.850000	-0.000151
18.875000	-0.000158
18.900000	-0.000165
18.925000	-0.000173
18.950000	-0.000181
18.975000	-0.000189
19.000000	-0.000197
19.025000	-0.000206
19.050000	-0.000215
19.075000	-0.000225
19.100000	-0.000235
19.125000	-0.000245
19.150000	-0.000256
19.175000	-0.000267
19.200000	-0.000279
19.225000	-0.000291
19.250000	-0.000303
19.275000	-0.000316
19.300000	-0.000330
19.325000	-0.000344
19.350000	-0.000358
19.375000	-0.000374
19.400000	-0.000389
19.425000	-0.000406
19.450000	-0.000423
19.475000	-0.000440
19.500000	-0.000459
19.525000	-0.000478
19.550000	-0.000497
19.575000	-0.000518
19.600000	-0.000539
19.625000	-0.000561
19.650000	-0.000584
19.675000	-0.000607
19.700000	-0.000632
19.725000	-0.000657
19.750000	-0.000683
19.775000	-0.000711
19.800000	-0.000739
19.825000	-0.000768
19.850000	-0.000798
19.875000	-0.000829
19.900000	-0.000862
19.925000	-0.000895
19.950000	-0.000930
19.975000	-0.000965
20.000000	-0.001002
20.025000	-0.001041
20.050000	-0.001080
20.075000	-0.001121
20.100000	-0.001163
20.125000	-0.001207
20.150000	-0.001252
20.175000	-0.001298
20.200000	-0.001347
20.225000	-0.001396
20.250000	-0.001447
20.275000	-0.001500
20.300000	-0.001555
20.325000	-0.001611
20.350000	-0.001669
20.375000	-0.001729
20.400000	-0.001791
20.425000	-0.001855
20.450000	-0.001920
20.475000	-0.001988
20.500000	-0.002058
20.525000	-0.002130
20.550000	-0.002204
20.575000	-0.002280
20.600000	-0.002358
20.625000	-0.002439
20.650000	-0.002522
20.675000	-0.002608
20.700000	-0.002696
20.725000	-0.002787
20.750000	-0.002880
20.775000	-0.002976
20.800000	-0.003075
20.825000	-0.003176
20.850000	-0.003280
20.875000	-0.003388
20.900000	-0.003498
20.925000	-0.003611
20.950000	-0.003727
20.975000	-0.003847
21.000000	-0.003969
21.025000	-0.004095
21.050000	-0.004224
21.075000	-0.004357
21.100000	-0.004493
21.125000	-0.004632
21.150000	-0.004776
21.175000	-0.004922
21.200000	-0.005073
21.225000	-0.005227
21.250000	-0.005385
21.275000	-0.005548
21.300000	-0.005714
21.325000	-0.005884
21.350000	-0.006058
21.375000	-0.006237
21.400000	-0.006420
21.425000	-0.006607
21.450000	-0.006798
21.475000	-0.006994
21.500000	-0.007195
21.525000	-0.007400
21.550000	-0.007610
21.575000	-0.007824
21.600000	-0.008043
21.625000	-0.008268
21.650000	-0.008497
21.675000	-0.008731
21.700000	-0.008970
21.725000	-0.009214
21.750000	-0.009464
21.775000	-0.009718
21.800000	-0.009978
21.825000	-0.010244
21.850000	-0.010515
21.875000	-0.010791
21.900000	-0.011073
21.925000	-0.011360
21.950000	-0.011654
21.975000	-0.011952
22.000000	-0.012257
22.025000	-0.012567
22.050000	-0.012884
22.075000	-0.013206
22.100000	-0.013534
22.125000	-0.013869
22.150000	-0.014209
22.175000	-0.014555
22.200000	-0.014908
22.225000	-0.015266
22.250000	-0.015631
22.275000	-0.016003
22.300000	-0.016380
22.325000	-0.016764
22.350000	-0.017154
22.375000	-0.017551
22.400000	-0.017954
22.425000	-0.018363
22.450000	-0.018779
22.475000	-0.019201
22.500000	-0.019630
22.525000	-0.020065
22.550000	-0.020507
22.575000	-0.020955
22.600000	-0.021410
22.625000	-0.021871
22.650000	-0.022339
22.675000	-0.022813
22.700000	-0.023294
22.725000	-0.023781
22.750000	-0.024274
22.775000	-0.024775
22.800000	-0.025281
22.825000	-0.025794
22.850000	-0.026314
22.875000	-0.026839
22.900000	-0.027371
22.925000	-0.027910
22.950000	-0.028454
22.975000	-0.029005
23.000000	-0.029562
23.025000	-0.030125
23.050000	-0.030694
23.075000	-0.031268
23.100000	-0.031849
23.125000	-0.032436
23.150000	-0.033029
23.175000	-0.033627
23.200000	-0.034231
23.225000	-0.034840
23.250000	-0.035455
23.275000	-0.036075
23.300000	-0.036700
23.325000	-0.037331
23.350000	-0.037967
23.375000	-0.038607
23.400000	-0.039253
23.425000	-0.039903
23.450000	-0.040558
23.475000	-0.041217
23.500000	-0.041881
23.525000	-0.042549
23.550000	-0.043222
23.575000	-0.043898
23.600000	-0.044578
23.625000	-0.045261
23.650000	-0.045949
23.675000	-0.046639
23.700000	-0.047333
23.725000	-0.048031
23.750000	-0.048731
23.775000	-0.049433
23.800000	-0.050139
23.825000	-0.050847
23.850000	-0.051557
23.875000	-0.052269
23.900000	-0.052983
23.925000	-0.053699
23.950000	-0.054416
23.975000	-0.055135
24.000000	-0.055855
24.025000	-0.056576
24.050000	-0.057298
24.075000	-0.058020
24.100000	-0.058743
24.125000	-0.059466
24.150000	-0.060188
24.175000	-0.060911
24.200000	-0.061633
24.225000	-0.062355
24.250000	-0.063075
24.275000	-0.063795
24.300000	-0.064513
24.325000	-0.065230
24.350000	-0.065945
24.375000	-0.066658
24.400000	-0.067368
24.425000	-0.068077
24.450000	-0.068783
24.475000	-0.069486
24.500000	-0.070186
24.525000	-0.070882
24.550000	-0.071575
24.575000	-0.072265
24.600000	-0.072950
24.625000	-0.073631
24.650000	-0.074308
24.675000	-0.074981
24.700000	-0.075648
24.725000	-0.076310
24.750000	-0.076967
24.775000	-0.077619
24.800000	-0.078265
24.825000	-0.078905
24.850000	-0.079538
24.875000	-0.080166
24.900000	-0.080786
24.925000	-0.081400
24.950000	-0.082007
24.975000	-0.082607
25.000000	-0.083199
25.025000	-0.083784
25.050000	-0.084361
25.075000	-0.084930
25.100000	-0.085491
25.125000	-0.086043
25.150000	-0.086587
25.175000	-0.087122
25.200000	-0.087648
25.225000	-0.088165
25.250000	-0.088673
25.275000	-0.089171
25.300000	-0.089660
25.325000	-0.090139
25.350000	-0.090608
25.375000	-0.091067
25.400000	-0.091515
25.425000	-0.091954
25.450000	-0.092381
25.475000	-0.092798
25.500000	-0.093205
25.525000	-0.093600
25.550000	-0.093984
25.575000	-0.094358
25.600000	-0.094719
25.625000	-0.095070
25.650000	-0.095409
25.675000	-0.095737
25.700000	-0.096052
25.725000	-0.096356
25.750000	-0.096649
25.775000	-0.096929
25.800000	-0.097197
25.825000	-0.097454
25.850000	-0.097698
25.875000	-0.097930
25.900000	-0.098150
25.925000	-0.098357
25.950000	-0.098552
25.975000	-0.098735
26.000000	-0.098906
26.025000	-0.099064
26.050000	-0.099210
26.075000	-0.099343
26.100000	-0.099464
26.125000	-0.099573
26.150000	-0.099669
26.175000	-0.099753
26.200000	-0.099824
26.225000	-0.099883
26.250000	-0.099930
26.275000	-0.099964
26.300000	-0.099986
26.325000	-0.099996
26.350000	-0.099993
26.375000	-0.099979
26.400000	-0.099952
26.425000	-0.099914
26.450000	-0.099863
26.475000	-0.099800
26.500000	-0.099726
26.525000	-0.099640
26.550000	-0.099542
26.575000	-0.099433
26.600000	-0.099312
26.625000	-0.099180
26.650000	-0.099036
26.675000	-0.098882
26.700000	-0.098716
26.725000	-0.098539
26.750000	-0.098351
26.775000	-0.098153
26.800000	-0.097944
26.825000	-0.097724
26.850000	-0.097494
26.875000	-0.097254
26.900000	-0.097004
26.925000	-0.096744
26.950000	-0.096474
26.975000	-0.096194
27.000000	-0.095904
27.025000	-0.095605
27.050000	-0.095297
27.075000	-0.094980
27.100000	-0.094654
27.125000	-0.094319
27.150000	-0.093975
27.175000	-0.093623
27.200000	-0.093262
27.225000	-0.092893
27.250000	-0.092516
27.275000	-0.092131
27.300000	-0.091738
27.325000	-0.091338
27.350000	-0.090930
27.375000	-0.090515
27.400000	-0.090093
27.425000	-0.089664
27.450000	-0.089228
27.475000	-0.088786
27.500000	-0.088337
27.525000	-0.087882
27.550000	-0.087420
27.575000	-0.086952
27.600000	-0.086479
27.625000	-0.086000
27.650000	-0.085515
27.675000	-0.085025
27.700000	-0.084530
27.725000	-0.084029
27.750000	-0.083524
27.775000	-0.083014
27.800000	-0.082499
27.825000	-0.081979
27.850000	-0.081455
27.875000	-0.080927
27.900000	-0.080395
27.925000	-0.079858
27.950000	-0.079318
27.975000	-0.078774
28.000000	-0.078227
28.025000	-0.077676
28.050000	-0.077121
28.075000	-0.076564
28.100000	-0.076003
28.125000	-0.075439
28.150000	-0.074872
28.175000	-0.074302
28.200000	-0.073730
28.225000	-0.073155
28.250000	-0.072577
28.275000	-0.071997
28.300000	-0.071414
28.325000	-0.070829
28.350000	-0.070242
28.375000	-0.069653
28.400000	-0.069061
28.425000	-0.068468
28.450000	-0.067872
28.475000	-0.067275
28.500000	-0.066675
28.525000	-0.066074
28.550000	-0.065471
28.575000	-0.064867
28.600000	-0.064260
28.625000	-0.063652
28.650000	-0.063042
28.675000	-0.062431
28.700000	-0.061818
28.725000	-0.061203
28.750000	-0.060586
28.775000	-0.059968
28.800000	-0.059349
28.825000	-0.058727
28.850000	-0.058104
28.875000	-0.057479
28.900000	-0.056853
28.925000	-0.056224
28.950000	-0.055594
28.975000	-0.054962
29.000000	-0.054328
29.025000	-0.053692
29.050000	-0.053054
29.075000	-0.052414
29.100000	-0.051771
29.125000	-0.051127
29.150000	-0.050480
29.175000	-0.049831
29.200000	-0.049179
29.225000	-0.048524
29.250000	-0.047867
29.275000	-0.047206
29.300000	-0.046543
29.325000	-0.045877
29.350000	-0.045207
29.375000	-0.044534
29.400000	-0.043857
29.425000	-0.043177
29.450000	-0.042493
29.475000	-0.041805
29.500000	-0.041112
29.525000	-0.040415
29.550000	-0.039713
29.575000	-0.039007
29.600000	-0.038296
29.625000	-0.037579
29.650000	-0.036857
29.675000	-0.036129
29.700000	-0.035396
29.725000	-0.034656
29.750000	-0.033910
29.775000	-0.033157
29.800000	-0.032397
29.825000	-0.031630
29.850000	-0.030856
29.875000	-0.030074
29.900000	-0.029284
29.925000	-0.028485
29.950000	-0.027678
29.975000	-0.026862
30.000000	-0.026037
30.025000	-0.025201
30.050000	-0.024356
30.075000	-0.023501
30.100000	-0.022635
30.125000	-0.021758
30.150000	-0.020870
30.175000	-0.019969
30.200000	-0.019057
30.225000	-0.018132
30.250000	-0.017194
30.275000	-0.016242
30.300000	-0.015277
30.325000	-0.014298
30.350000	-0.013304
30.375000	-0.012294
30.400000	-0.011269
30.425000	-0.010228
30.450000	-0.009171
30.475000	-0.008096
30.500000	-0.007004
30.525000	-0.005894
30.550000	-0.004766
30.575000	-0.003618
30.600000	-0.002451
30.625000	-0.001264
30.650000	-0.000056
30.675000	0.001173
30.700000	0.002423
30.725000	0.003696
30.750000	0.004992
30.775000	0.006311
30.800000	0.007654
30.825000	0.009021
30.850000	0.010414
30.875000	0.011832
30.900000	0.013277
30.925000	0.014748
30.950000	0.016248
30.975000	0.017775
31.000000	0.019331
31.025000	0.020917
31.050000	0.022533
31.075000	0.024179
31.100000	0.025857
31.125000	0.027567
31.150000	0.029309
31.175000	0.031085
31.200000	0.032895
31.225000	0.034740
31.250000	0.036620
31.275000	0.038536
31.300000	0.040489
31.325000	0.042479
31.350000	0.044507
31.375000	0.046574
31.400000	0.048680
31.425000	0.050826
31.450000	0.053013
31.475000	0.055242
31.500000	0.057513
31.525000	0.059826
31.550000	0.062183
31.575000	0.064585
31.600000	0.067031
31.625000	0.069522
31.650000	0.072060
31.675000	0.074644
31.700000	0.077276
31.725000	0.079956
31.750000	0.082685
31.775000	0.085463
31.800000	0.088292
31.825000	0.091170
31.850000	0.094101
31.875000	0.097083
31.900000	0.100117
31.925000	0.103205
31.950000	0.106346
31.975000	0.109541
32.000000	0.112791
32.025000	0.116096
32.050000	0.119457
32.075000	0.122874
32.100000	0.126348
32.125000	0.129880
32.150000	0.133469
32.175000	0.137116
32.200000	0.140822
32.225000	0.144586
32.250000	0.148411
32.275000	0.152294
32.300000	0.156239
32.325000	0.160243
32.350000	0.164308
32.375000	0.168435
32.400000	0.172622
32.425000	0.176872
32.450000	0.181183
32.475000	0.185556
32.500000	0.189991
32.525000	0.194488
32.550000	0.199048
32.575000	0.203671
32.600000	0.208356
32.625000	0.213103
32.650000	0.217914
32.675000	0.222786
32.700000	0.227722
32.725000	0.232719
32.750000	0.237780
32.775000	0.242902
32.800000	0.248086
32.825000	0.253332
32.850000	0.258640
32.875000	0.264009
32.900000	0.269438
32.925000	0.274929
32.950000	0.280479
32.975000	0.286090
33.000000	0.291760
33.025000	0.297488
33.050000	0.303275
33.075000	0.309120
33.100000	0.315021
33.125000	0.320980
33.150000	0.326994
33.175000	0.333063
33.200000	0.339187
33.225000	0.345364
33.250000	0.351594
33.275000	0.357875
33.300000	0.364208
33.325000	0.370591
33.350000	0.377022
33.375000	0.383502
33.400000	0.390029
33.425000	0.396601
33.450000	0.403218
33.475000	0.409879
33.500000	0.416582
33.525000	0.423326
33.550000	0.430110
33.575000	0.436932
33.600000	0.443792
33.625000	0.450687
33.650000	0.457616
33.675000	0.464578
33.700000	0.471571
33.725000	0.478594
33.750000	0.485645
33.775000	0.492723
33.800000	0.499825
33.825000	0.506951
33.850000	0.514098
33.875000	0.521265
33.900000	0.528450
33.925000	0.535652
33.950000	0.542867
33.975000	0.550095
34.000000	0.557334
34.025000	0.564581
34.050000	0.571835
34.075000	0.579094
34.100000	0.586356
34.125000	0.593618
34.150000	0.600879
34.175000	0.608137
34.200000	0.615390
34.225000	0.622635
34.250000	0.629871
34.275000	0.637095
34.300000	0.644305
34.325000	0.651499
34.350000	0.658675
34.375000	0.665831
34.400000	0.672965
34.425000	0.680073
34.450000	0.687155
34.475000	0.694208
34.500000	0.701229
34.525000	0.708217
34.550000	0.715169
34.575000	0.722083
34.600000	0.728957
34.625000	0.735789
34.650000	0.742576
34.675000	0.749316
34.700000	0.756008
34.725000	0.762648
34.750000	0.769234
34.775000	0.775765
34.800000	0.782239
34.825000	0.788652
34.850000	0.795004
34.875000	0.801291
34.900000	0.807512
34.925000	0.813665
34.950000	0.819747
34.975000	0.825757
35.000000	0.831692
35.025000	0.837551
35.050000	0.843332
35.075000	0.849032
35.100000	0.854650
35.125000	0.860184
35.150000	0.865632
35.175000	0.870992
35.200000	0.876262
35.225000	0.881441
35.250000	0.886527
35.275000	0.891519
35.300000	0.896413
35.325000	0.901210
35.350000	0.905907
35.375000	0.910503
35.400000	0.914997
35.425000	0.919386
35.450000	0.923670
35.475000	0.927848
35.500000	0.931917
35.525000	0.935877
35.550000	0.939726
35.575000	0.943464
35.600000	0.947089
35.625000	0.950600
35.650000	0.953996
35.675000	0.957276
35.700000	0.960440
35.725000	0.963485
35.750000	0.966413
35.775000	0.969221
35.800000	0.971909
35.825000	0.974477
35.850000	0.976924
35.875000	0.979249
35.900000	0.981452
35.925000	0.983532
35.950000	0.985489
35.975000	0.987323
36.000000	0.989034
36.025000	0.990621
36.050000	0.992083
36.075000	0.993422
36.100000	0.994636
36.125000	0.995727
36.150000	0.996693
36.175000	0.997536
36.200000	0.998254
36.225000	0.998849
36.250000	0.999321
36.275000	0.999670
36.300000	0.999896
36.325000	1.000000
36.350000	0.999982
36.375000	0.999843
36.400000	0.999583
36.425000	0.999204
36.450000	0.998705
36.475000	0.998087
36.500000	0.997351
36.525000	0.996498
36.550000	0.995529
36.575000	0.994444
36.600000	0.993245
36.625000	0.991933
36.650000	0.990508
36.675000	0.988971
36.700000	0.987325
36.725000	0.985568
36.750000	0.983704
36.775000	0.981733
36.800000	0.979657
36.825000	0.977476
36.850000	0.975192
36.875000	0.972806
36.900000	0.970320
36.925000	0.967734
36.950000	0.965052
36.975000	0.962272
37.000000	0.959399
37.025000	0.956432
37.050000	0.953373
37.075000	0.950224
37.100000	0.946987
37.125000	0.943662
37.150000	0.940252
37.175000	0.936758
37.200000	0.933182
37.225000	0.929525
37.250000	0.925790
37.275000	0.921976
37.300000	0.918088
37.325000	0.914125
37.350000	0.910090
37.375000	0.905984
37.400000	0.901809
37.425000	0.897567
37.450000	0.893260
37.475000	0.888888
37.500000	0.884455
37.525000	0.879961
37.550000	0.875408
37.575000	0.870798
37.600000	0.866133
37.625000	0.861415
37.650000	0.856644
37.675000	0.851823
37.700000	0.846953
37.725000	0.842037
37.750000	0.837075
37.775000	0.832069
37.800000	0.827022
37.825000	0.821934
37.850000	0.816807
37.875000	0.811644
37.900000	0.806444
37.925000	0.801211
37.950000	0.795945
37.975000	0.790648
38.000000	0.785322
38.025000	0.779968
38.050000	0.774587
38.075000	0.769182
38.100000	0.763753
38.125000	0.758302
38.150000	0.752830
38.175000	0.747339
38.200000	0.741830
38.225000	0.736305
38.250000	0.730764
38.275000	0.725210
38.300000	0.719643
38.325000	0.714065
38.350000	0.708477
38.375000	0.702880
38.400000	0.697275
38.425000	0.691664
38.450000	0.686047
38.475000	0.680426
38.500000	0.674803
38.525000	0.669177
38.550000	0.663550
38.575000	0.657924
38.600000	0.652298
38.625000	0.646675
38.650000	0.641055
38.675000	0.635440
38.700000	0.629829
38.725000	0.624224
38.750000	0.618626
38.775000	0.613036
38.800000	0.607454
38.825000	0.601881
38.850000	0.596319
38.875000	0.590768
38.900000	0.585228
38.925000	0.579701
38.950000	0.574188
38.975000	0.568688
39.000000	0.563202
39.025000	0.557732
39.050000	0.552278
39.075000	0.546840
39.100000	0.541420
39.125000	0.536017
39.150000	0.530632
39.175000	0.525267
39.200000	0.519920
39.225000	0.514594
39.250000	0.509288
39.275000	0.504003
39.300000	0.498739
39.325000	0.493498
39.350000	0.488278
39.375000	0.483082
39.400000	0.477908
39.425000	0.472758
39.450000	0.467632
39.475000	0.462531
39.500000	0.457454
39.525000	0.452403
39.550000	0.447376
39.575000	0.442376
39.600000	0.437402
39.625000	0.432454
39.650000	0.427533
39.675000	0.422639
39.700000	0.417772
39.725000	0.412933
39.750000	0.408122
39.775000	0.403340
39.800000	0.398585
39.825000	0.393859
39.850000	0.389163
39.875000	0.384495
39.900000	0.379857
39.925000	0.375248
39.950000	0.370669
39.975000	0.366121
40.000000	0.361602
40.025000	0.357114
40.050000	0.352657
40.075000	0.348230
40.100000	0.343835
40.125000	0.339471
40.150000	0.335138
40.175000	0.330837
40.200000	0.326567
40.225000	0.322330
40.250000	0.318124
40.275000	0.313951
40.300000	0.309811
40.325000	0.305702
40.350000	0.301627
40.375000	0.297584
40.400000	0.293574
40.425000	0.289598
40.450000	0.285655
40.475000	0.281745
40.500000	0.277869
40.525000	0.274026
40.550000	0.270217
40.575000	0.266442
40.600000	0.262702
40.625000	0.258995
40.650000	0.255323
40.675000	0.251685
40.700000	0.248081
40.725000	0.244513
40.750000	0.240979
40.775000	0.237479
40.800000	0.234015
40.825000	0.230586
40.850000	0.227192
40.875000	0.223833
40.900000	0.220510
40.925000	0.217222
40.950000	0.213970
40.975000	0.210753
41.000000	0.207571
41.025000	0.204426
41.050000	0.201316
41.075000	0.198243
41.100000	0.195205
41.125000	0.192203
41.150000	0.189238
41.175000	0.186308
41.200000	0.183415
41.225000	0.180558
41.250000	0.177737
41.275000	0.174953
41.300000	0.172205
41.325000	0.169493
41.350000	0.166818
41.375000	0.164179
41.400000	0.161577
41.425000	0.159012
41.450000	0.156483
41.475000	0.153990
41.500000	0.151534
41.525000	0.149115
41.550000	0.146732
41.575000	0.144385
41.600000	0.142076
41.625000	0.139802
41.650000	0.137565
41.675000	0.135365
41.700000	0.133201
41.725000	0.131073
41.750000	0.128982
41.775000	0.126927
41.800000	0.124908
41.825000	0.122925
41.850000	0.120979
41.875000	0.119068
41.900000	0.117194
41.925000	0.115355
41.950000	0.113552
41.975000	0.111785
42.000000	0.110053
42.025000	0.108357
42.050000	0.106696
42.075000	0.105071
42.100000	0.103480
42.125000	0.101925
42.150000	0.100405
42.175000	0.098919
42.200000	0.097468
42.225000	0.096051
42.250000	0.094668
42.275000	0.093320
42.300000	0.092006
42.325000	0.090725
42.350000	0.089478
42.375000	0.088264
42.400000	0.087084
42.425000	0.085936
42.450000	0.084822
42.475000	0.083740
42.500000	0.082690
42.525000	0.081673
42.550000	0.080688
42.575000	0.079734
42.600000	0.078812
42.625000	0.077921
42.650000	0.077061
42.675000	0.076232
42.700000	0.075433
42.725000	0.074664
42.750000	0.073926
42.775000	0.073217
42.800000	0.072538
42.825000	0.071888
42.850000	0.071266
42.875000	0.070673
42.900000	0.070109
42.925000	0.069572
42.950000	0.069063
42.975000	0.068581
43.000000	0.068127
43.025000	0.067699
43.050000	0.067298
43.075000	0.066922
43.100000	0.066572
43.125000	0.066248
43.150000	0.065949
43.175000	0.065674
43.200000	0.065424
43.225000	0.065198
43.250000	0.064995
43.275000	0.064816
43.300000	0.064660
43.325000	0.064526
43.350000	0.064414
43.375000	0.064325
43.400000	0.064256
43.425000	0.064209
43.450000	0.064183
43.475000	0.064176
43.500000	0.064190
43.525000	0.064223
43.550000	0.064276
43.575000	0.064347
43.600000	0.064437
43.625000	0.064544
43.650000	0.064669
43.675000	0.064811
43.700000	0.064971
43.725000	0.065146
43.750000	0.065337
43.775000	0.065544
43.800000	0.065766
43.825000	0.066003
43.850000	0.066254
43.875000	0.066519
43.900000	0.066797
43.925000	0.067089
43.950000	0.067393
43.975000	0.067709
44.000000	0.068038
44.025000	0.068378
44.050000	0.068728
44.075000	0.069090
44.100000	0.069461
44.125000	0.069842
44.150000	0.070233
44.175000	0.070633
44.200000	0.071041
44.225000	0.071457
44.250000	0.071881
44.275000	0.072313
44.300000	0.072751
44.325000	0.073196
44.350000	0.073646
44.375000	0.074103
44.400000	0.074565
44.425000	0.075031
44.450000	0.075503
44.475000	0.075978
44.500000	0.076457
44.525000	0.076939
44.550000	0.077424
44.575000	0.077912
44.600000	0.078402
44.625000	0.078894
44.650000	0.079387
44.675000	0.079881
44.700000	0.080376
44.725000	0.080872
44.750000	0.081367
44.775000	0.081862
44.800000	0.082356
44.825000	0.082849
44.850000	0.083340
44.875000	0.083830
44.900000	0.084317
44.925000	0.084802
44.950000	0.085285
44.975000	0.085764
45.000000	0.086240
45.025000	0.086712
45.050000	0.087180
45.075000	0.087643
45.100000	0.088102
45.125000	0.088556
45.150000	0.089005
45.175000	0.089448
45.200000	0.089886
45.225000	0.090317
45.250000	0.090742
45.275000	0.091161
45.300000	0.091573
45.325000	0.091977
45.350000	0.092374
45.375000	0.092764
45.400000	0.093146
45.425000	0.093520
45.450000	0.093886
45.475000	0.094243
45.500000	0.094592
45.525000	0.094932
45.550000	0.095263
45.575000	0.095585
45.600000	0.095897
45.625000	0.096200
45.650000	0.096493
45.675000	0.096776
45.700000	0.097050
45.725000	0.097313
45.750000	0.097566
45.775000	0.097808
45.800000	0.098040
45.825000	0.098261
45.850000	0.098472
45.875000	0.098672
45.900000	0.098860
45.925000	0.099038
45.950000	0.099205
45.975000	0.099360
46.000000	0.099504
46.025000	0.099637
46.050000	0.099758
46.075000	0.099869
46.100000	0.099967
46.125000	0.100054
46.150000	0.100130
46.175000	0.100194
46.200000	0.100246
46.225000	0.100287
46.250000	0.100317
46.275000	0.100334
46.300000	0.100341
46.325000	0.100335
46.350000	0.100318
46.375000	0.100290
46.400000	0.100250
46.425000	0.100199
46.450000	0.100136
46.475000	0.100063
46.500000	0.099977
46.525000	0.099881
46.550000	0.099773
46.575000	0.099655
46.600000	0.099525
46.625000	0.099384
46.650000	0.099233
46.675000	0.099071
46.700000	0.098898
46.725000	0.098714
46.750000	0.098521
46.775000	0.098316
46.800000	0.098102
46.825000	0.097877
46.850000	0.097643
46.875000	0.097398
46.900000	0.097144
46.925000	0.096880
46.950000	0.096606
46.975000	0.096323
47.000000	0.096031
47.025000	0.095730
47.050000	0.095420
47.075000	0.095101
47.100000	0.094773
47.125000	0.094437
47.150000	0.094093
47.175000	0.093740
47.200000	0.093379
47.225000	0.093010
47.250000	0.092634
47.275000	0.092249
47.300000	0.091858
47.325000	0.091459
47.350000	0.091053
47.375000	0.090640
47.400000	0.090220
47.425000	0.089794
47.450000	0.089361
47.475000	0.088922
47.500000	0.088477
47.525000	0.088026
47.550000	0.087569
47.575000	0.087106
47.600000	0.086638
47.625000	0.086165
47.650000	0.085687
47.675000	0.085203
47.700000	0.084715
47.725000	0.084222
47.750000	0.083725
47.775000	0.083223
47.800000	0.082717
47.825000	0.082207
47.850000	0.081694
47.875000	0.081176
47.900000	0.080656
47.925000	0.080131
47.950000	0.079604
47.975000	0.079074
48.000000	0.078540
48.025000	0.078004
48.050000	0.077465
48.075000	0.076924
48.100000	0.076380
48.125000	0.075835
48.150000	0.075287
48.175000	0.074737
48.200000	0.074185
48.225000	0.073632
48.250000	0.073078
48.275000	0.072522
48.300000	0.071964
48.325000	0.071406
48.350000	0.070847
48.375000	0.070286
48.400000	0.069725
48.425000	0.069164
48.450000	0.068601
48.475000	0.068039
48.500000	0.067476
48.525000	0.066913
48.550000	0.066349
48.575000	0.065786
48.600000	0.065223
48.625000	0.064660
48.650000	0.064097
48.675000	0.063535
48.700000	0.062973
48.725000	0.062412
48.750000	0.061852
48.775000	0.061292
48.800000	0.060733
48.825000	0.060175
48.850000	0.059618
48.875000	0.059062
48.900000	0.058508
48.925000	0.057954
48.950000	0.057402
48.975000	0.056851
49.000000	0.056302
49.025000	0.055754
49.050000	0.055207
49.075000	0.054662
49.100000	0.054119
49.125000	0.053578
49.150000	0.053038
49.175000	0.052501
49.200000	0.051965
49.225000	0.051431
49.250000	0.050899
49.275000	0.050369
49.300000	0.049841
49.325000	0.049316
49.350000	0.048792
49.375000	0.048271
49.400000	0.047752
49.425000	0.047236
49.450000	0.046721
49.475000	0.046209
49.500000	0.045700
49.525000	0.045193
49.550000	0.044688
49.575000	0.044186
49.600000	0.043686
49.625000	0.043190
49.650000	0.042695
49.675000	0.042203
49.700000	0.041714
49.725000	0.041228
49.750000	0.040744
49.775000	0.040263
49.800000	0.039785
49.825000	0.039309
49.850000	0.038837
49.875000	0.038367
49.900000	0.037900
49.925000	0.037435
49.950000	0.036974
49.975000	0.036516
50.000000	0.036060
50.025000	0.035607
50.050000	0.035158
50.075000	0.034711
50.100000	0.034267
50.125000	0.033826
50.150000	0.033389
50.175000	0.032954
50.200000	0.032522
50.225000	0.032093
50.250000	0.031668
50.275000	0.031245
50.300000	0.030826
50.325000	0.030409
50.350000	0.029996
50.375000	0.029586
50.400000	0.029178
50.425000	0.028774
50.450000	0.028373
50.475000	0.027976
50.500000	0.027581
50.525000	0.027190
50.550000	0.026801
50.575000	0.026416
50.600000	0.026034
50.625000	0.025656
50.650000	0.025280
50.675000	0.024908
50.700000	0.024539
50.725000	0.024173
50.750000	0.023810
50.775000	0.023450
50.800000	0.023094
50.825000	0.022741
50.850000	0.022391
50.875000	0.022045
50.900000	0.021701
50.925000	0.021361
50.950000	0.021024
50.975000	0.020691
51.000000	0.020360
51.025000	0.020033
51.050000	0.019709
51.075000	0.019389
51.100000	0.019071
51.125000	0.018757
51.150000	0.018446
51.175000	0.018139
51.200000	0.017834
51.225000	0.017533
51.250000	0.017235
51.275000	0.016941
51.300000	0.016649
51.325000	0.016361
51.350000	0.016076
51.375000	0.015794
51.400000	0.015516
51.425000	0.015241
51.450000	0.014968
51.475000	0.014700
51.500000	0.014434
51.525000	0.014171
51.550000	0.013912
51.575000	0.013656
51.600000	0.013403
51.625000	0.013153
51.650000	0.012907
51.675000	0.012663
51.700000	0.012423
51.725000	0.012186
51.750000	0.011952
51.775000	0.011721
51.800000	0.011493
51.825000	0.011268
51.850000	0.011046
51.875000	0.010828
51.900000	0.010612
51.925000	0.010399
51.950000	0.010190
51.975000	0.009983
52.000000	0.009780
52.025000	0.009579
52.050000	0.009381
52.075000	0.009186
52.100000	0.008995
52.125000	0.008806
52.150000	0.008620
52.175000	0.008436
52.200000	0.008256
52.225000	0.008078
52.250000	0.007904
52.275000	0.007732
52.300000	0.007563
52.325000	0.007396
52.350000	0.007232
52.375000	0.007071
52.400000	0.006913
52.425000	0.006757
52.450000	0.006604
52.475000	0.006454
52.500000	0.006306
52.525000	0.006161
52.550000	0.006018
52.575000	0.005878
52.600000	0.005740
52.625000	0.005605
52.650000	0.005472
52.675000	0.005342
52.700000	0.005214
52.725000	0.005088
52.750000	0.004965
52.775000	0.004844
52.800000	0.004726
52.825000	0.004609
52.850000	0.004495
52.875000	0.004383
52.900000	0.004274
52.925000	0.004166
52.950000	0.004061
52.975000	0.003958
53.000000	0.003857
53.025000	0.003757
53.050000	0.003660
53.075000	0.003565
53.100000	0.003472
53.125000	0.003381
53.150000	0.003292
53.175000	0.003205
53.200000	0.003119
53.225000	0.003036
53.250000	0.002954
53.275000	0.002874
53.300000	0.002796
53.325000	0.002719
53.350000	0.002645
53.375000	0.002572
53.400000	0.002500
53.425000	0.002431
53.450000	0.002362
53.475000	0.002296
53.500000	0.002231
53.525000	0.002167
53.550000	0.002105
53.575000	0.002045
53.600000	0.001986
53.625000	0.001928
53.650000	0.001872
53.675000	0.001817
53.700000	0.001764
53.725000	0.001712
53.750000	0.001661
53.775000	0.001611
53.800000	0.001563
53.825000	0.001516
53.850000	0.001470
53.875000	0.001425
53.900000	0.001381
53.925000	0.001339
53.950000	0.001298
53.975000	0.001257
54.000000	0.001218
54.025000	0.001180
54.050000	0.001143
54.075000	0.001107
54.100000	0.001072
54.125000	0.001038
54.150000	0.001004
54.175000	0.000972
54.200000	0.000941
54.225000	0.000910
54.250000	0.000881
54.275000	0.000852
54.300000	0.000824
54.325000	0.000797
54.350000	0.000770
54.375000	0.000745
54.400000	0.000720
54.425000	0.000695
54.450000	0.000672
54.475000	0.000649
54.500000	0.000627
54.525000	0.000606
54.550000	0.000585
54.575000	0.000565
54.600000	0.000545
54.625000	0.000526
54.650000	0.000508
54.675000	0.000490
54.700000	0.000473
54.725000	0.000456
54.750000	0.000440
54.775000	0.000424
54.800000	0.000409
54.825000	0.000394
54.850000	0.000380
54.875000	0.000366
54.900000	0.000353
54.925000	0.000340
54.950000	0.000328
54.975000	0.000316
55.000000	0.000304
55.025000	0.000293
55.050000	0.000282
55.075000	0.000271
55.100000	0.000261
55.125000	0.000251
55.150000	0.000242
55.175000	0.000233
55.200000	0.000224
55.225000	0.000215
55.250000	0.000207
55.275000	0.000199
55.300000	0.000191
55.325000	0.000184
55.350000	0.000177
55.375000	0.000170
55.400000	0.000163
55.425000	0.000157
55.450000	0.000150
55.475000	0.000144
55.500000	0.000139
55.525000	0.000133
55.550000	0.000128
55.575000	0.000123
55.600000	0.000118
55.625000	0.000113
55.650000	0.000108
55.675000	0.000104
55.700000	0.000100
55.725000	0.000095
55.750000	0.000092
55.775000	0.000088
55.800000	0.000084
55.825000	0.000081
55.850000	0.000077
55.875000	0.000074
55.900000	0.000071
55.925000	0.000068
55.950000	0.000065
55.975000	0.000062
56.000000	0.000059
56.025000	0.000057
56.050000	0.000054
56.075000	0.000052
56.100000	0.000050
56.125000	0.000048
56.150000	0.000046
56.175000	0.000044
56.200000	0.000042
56.225000	0.000040
56.250000	0.000038
56.275000	0.000036
56.300000	0.000035
56.325000	0.000033
56.350000	0.000032
56.375000	0.000030
56.400000	0.000029
56.425000	0.000028
56.450000	0.000026
56.475000	0.000025
56.500000	0.000024
56.525000	0.000023
56.550000	0.000022
56.575000	0.000021
56.600000	0.000020
56.625000	0.000019
56.650000	0.000018
56.675000	0.000017
56.700000	0.000016
56.725000	0.000016
56.750000	0.000015
56.775000	0.000014
56.800000	0.000014
56.825000	0.000013
56.850000	0.000012
56.875000	0.000012
56.900000	0.000011
56.925000	0.000011
56.950000	0.000010
56.975000	0.000010
57.000000	0.000009
57.025000	0.000009
57.050000	0.000008
57.075000	0.000008
57.100000	0.000007
57.125000	0.000007
57.150000	0.000007
57.175000	0.000006
57.200000	0.000006
57.225000	0.000006
57.250000	0.000005
57.275000	0.000005
57.300000	0.000005
57.325000	0.000005
57.350000	0.000004
57.375000	0.000004
57.400000	0.000004
57.425000	0.000004
57.450000	0.000004
57.475000	0.000003
57.500000	0.000003
57.525000	0.000003
57.550000	0.000003
57.575000	0.000003
57.600000	0.000003
57.625000	0.000002
57.650000	0.000002
57.675000	0.000002
57.700000	0.000002
57.725000	0.000002
57.750000	0.000002
57.775000	0.000002
57.800000	0.000002
57.825000	0.000002
57.850000	0.000002
57.875000	0.000001
57.900000	0.000001
57.925000	0.000001
57.950000	0.000001
57.975000	0.000001
58.000000	0.000001
58.025000	0.000001
58.050000	0.000001
58.075000	0.000001
58.100000	0.000001
58.125000	0.000001
58.150000	0.000001
58.175000	0.000001
58.200000	0.000001
58.225000	0.000001
58.250000	0.000001
58.275000	0.000001
58.300000	0.000001
58.325000	0.000001
58.350000	0.000000
58.375000	0.000000
58.400000	0.000000
58.425000	0.000000
58.450000	0.000000
58.475000	0.000000
58.500000	0.000000
58.525000	0.000000
58.550000	0.000000
58.575000	0.000000
58.600000	0.000000
58.625000	0.000000
58.650000	0.000000
58.675000	0.000000
58.700000	0.000000
58.725000	0.000000
58.750000	0.000000
58.775000	0.000000
58.800000	0.000000
58.825000	0.000000
58.850000	0.000000
58.875000	0.000000
58.900000	0.000000
58.925000	0.000000
58.950000	0.000000
58.975000	0.000000
59.000000	0.000000
59.025000	0.000000
59.050000	0.000000
59.075000	0.000000
59.100000	0.000000
59.125000	0.000000
59.150000	0.000000
59.175000	0.000000
59.200000	0.000000
59.225000	0.000000
59.250000	0.000000
59.275000	0.000000
59.300000	0.000000
59.325000	0.000000
59.350000	0.000000
59.375000	0.000000
59.400000	0.000000
59.425000	0.000000
59.450000	0.000000
59.475000	0.000000
59.500000	0.000000
59.525000	0.000000
59.550000	0.000000
59.575000	0.000000
59.600000	0.000000
59.625000	0.000000
59.650000	0.000000
59.675000	0.000000
59.700000	0.000000
59.725000	0.000000
59.750000	0.000000
59.775000	0.000000
59.800000	0.000000
59.825000	0.000000
59.850000	0.000000
59.875000	0.000000
59.900000	0.000000
59.925000	0.000000
59.950000	0.000000
59.975000	0.000000
60.000000	0.000000
60.025000	0.000000
60.050000	0.000000
60.075000	0.000000
60.100000	0.000000
60.125000	0.000000
60.150000	0.000000
60.175000	0.000000
60.200000	0.000000
60.225000	0.000000
60.250000	0.000000
60.275000	0.000000
60.300000	0.000000
60.325000	0.000000
60.350000	0.000000
60.375000	0.000000
60.400000	0.000000
60.425000	0.000000
60.450000	0.000000
60.475000	0.000000
60.500000	0.000000
60.525000	0.000000
60.550000	0.000000
60.575000	0.000000
60.600000	0.000000
60.625000	0.000000
60.650000	0.000000
60.675000	0.000000
60.700000	0.000000
60.725000	0.000000
60.750000	0.000000
60.775000	0.000000
60.800000	0.000000
60.825000	0.000000
60.850000	0.000000
60.875000	0.000000
60.900000	0.000000
60.925000	0.000000
60.950000	0.000000
60.975000	0.000000
61.000000	0.000000
61.025000	0.000000
61.050000	0.000000
61.075000	0.000000
61.100000	0.000000
61.125000	0.000000
61.150000	0.000000
61.175000	0.000000
61.200000	0.000000
61.225000	0.000000
61.250000	0.000000
61.275000	0.000000
61.300000	0.000000
61.325000	0.000000
61.350000	0.000000
61.375000	0.000000
61.400000	0.000000
61.425000	0.000000
61.450000	0.000000
61.475000	0.000000
61.500000	0.000000
61.525000	0.000000
61.550000	0.000000
61.575000	0.000000
61.600000	0.000000
61.625000	0.000000
61.650000	0.000000
61.675000	0.000000
61.700000	0.000000
61.725000	0.000000
61.750000	0.000000
61.775000	0.000000
61.800000	0.000000
61.825000	0.000000
61.850000	0.000000
61.875000	0.000000
61.900000	0.000000
61.925000	0.000000
61.950000	0.000000
61.975000	0.000000
62.000000	0.000000
62.025000	0.000000
62.050000	0.000000
62.075000	0.000000
62.100000	0.000000
62.125000	0.000000
62.150000	0.000000
62.175000	0.000000
62.200000	0.000000
62.225000	0.000000
62.250000	0.000000
62.275000	0.000000
62.300000	0.000000
62.325000	0.000000
62.350000	0.000000
62.375000	0.000000
62.400000	0.000000
62.425000	0.000000
62.450000	0.000000
62.475000	0.000000
62.500000	0.000000
62.525000	0.000000
62.550000	0.000000
62.575000	0.000000
62.600000	0.000000
62.625000	0.000000
62.650000	0.000000
62.675000	0.000000
62.700000	0.000000
62.725000	0.000000
62.750000	0.000000
62.775000	0.000000
62.800000	0.000000
62.825000	0.000000
62.850000	0.000000
62.875000	0.000000
62.900000	0.000000
62.925000	0.000000
62.950000	0.000000
62.975000	0.000000
63.000000	0.000000
63.025000	0.000000
63.050000	0.000000
63.075000	0.000000
63.100000	0.000000
63.125000	0.000000
63.150000	0.000000
63.175000	0.000000
63.200000	0.000000
63.225000	0.000000
63.250000	0.000000
63.275000	0.000000
63.300000	0.000000
63.325000	0.000000
63.350000	0.000000
63.375000	0.000000
63.400000	0.000000
63.425000	0.000000
63.450000	0.000000
63.475000	0.000000
63.500000	0.000000
63.525000	0.000000
63.550000	0.000000
63.575000	0.000000
63.600000	0.000000
63.625000	0.000000
63.650000	0.000000
63.675000	0.000000
63.700000	0.000000
63.725000	0.000000
63.750000	0.000000
63.775000	0.000000
63.800000	0.000000
63.825000	0.000000
63.850000	0.000000
63.875000	0.000000
63.900000	0.000000
63.925000	0.000000
63.950000	0.000000
63.975000	0.000000
64.000000	0.000000
64.025000	0.000000
64.050000	0.000000
64.075000	0.000000
64.100000	0.000000
64.125000	0.000000
64.150000	0.000000
64.175000	0.000000
64.200000	0.000000
64.225000	0.000000
64.250000	0.000000
64.275000	0.000000
64.300000	0.000000
64.325000	0.000000
64.350000	0.000000
64.375000	0.000000
64.400000	0.000000
64.425000	0.000000
64.450000	0.000000
64.475000	0.000000
64.500000	0.000000
64.525000	0.000000
64.550000	0.000000
64.575000	0.000000
64.600000	0.000000
64.625000	0.000000
64.650000	0.000000
64.675000	0.000000
64.700000	0.000000
64.725000	0.000000
64.750000	0.000000
64.775000	0.000000
64.800000	0.000000
64.825000	0.000000
64.850000	0.000000
64.875000	0.000000
64.900000	0.000000
64.925000	0.000000
64.950000	0.000000
64.975000	0.000000
65.000000	0.000000
65.025000	0.000000
65.050000	0.000000
65.075000	0.000000
65.100000	0.000000
65.125000	0.000000
65.150000	0.000000
65.175000	0.000000
65.200000	0.000000
65.225000	0.000000
65.250000	0.000000
65.275000	0.000000
65.300000	0.000000
65.325000	0.000000
65.350000	0.000000
65.375000	0.000000
65.400000	0.000000
65.425000	0.000000
65.450000	0.000000
65.475000	0.000000
65.500000	0.000000
65.525000	0.000000
65.550000	0.000000
65.575000	0.000000
65.600000	0.000000
65.625000	0.000000
65.650000	0.000000
65.675000	0.000000
65.700000	0.000000
65.725000	0.000000
65.750000	0.000000
65.775000	0.000000
65.800000	0.000000
65.825000	0.000000
65.850000	0.000000
65.875000	0.000000
65.900000	0.000000
65.925000	0.000000
65.950000	0.000000
65.975000	0.000000
66.000000	0.000000
66.025000	0.000000
66.050000	0.000000
66.075000	0.000000
66.100000	0.000000
66.125000	0.000000
66.150000	0.000000
66.175000	0.000000
66.200000	0.000000
66.225000	0.000000
66.250000	0.000000
66.275000	0.000000
66.300000	0.000000
66.325000	0.000000
66.350000	0.000000
66.375000	0.000000
66.400000	0.000000
66.425000	0.000000
66.450000	0.000000
66.475000	0.000000
66.500000	0.000000
66.525000	0.000000
66.550000	0.000000
66.575000	0.000000
66.600000	0.000000
66.625000	0.000000
66.650000	0.000000
66.675000	0.000000
66.700000	0.000000
66.725000	0.000000
66.750000	0.000000
66.775000	0.000000
66.800000	0.000000
66.825000	0.000000
66.850000	0.000000
66.875000	0.000000
66.900000	0.000000
66.925000	0.000000
66.950000	0.000000
66.975000	0.000000
67.000000	0.000000
67.025000	0.000000
67.050000	0.000000
67.075000	0.000000
67.100000	0.000000
67.125000	0.000000
67.150000	0.000000
67.175000	0.000000
67.200000	0.000000
67.225000	0.000000
67.250000	0.000000
67.275000	0.000000
67.300000	0.000000
67.325000	0.000000
67.350000	0.000000
67.375000	0.000000
67.400000	0.000000
67.425000	0.000000
67.450000	0.000000
67.475000	0.000000
67.500000	0.000000
67.525000	0.000000
67.550000	0.000000
67.575000	0.000000
67.600000	0.000000
67.625000	0.000000
67.650000	0.000000
67.675000	0.000000
67.700000	0.000000
67.725000	0.000000
67.750000	0.000000
67.775000	0.000000
67.800000	0.000000
67.825000	0.000000
67.850000	0.000000
67.875000	0.000000
67.900000	0.000000
67.925000	0.000000
67.950000	0.000000
67.975000	0.000000
68.000000	0.000000
68.025000	0.000000
68.050000	0.000000
68.075000	0.000000
68.100000	0.000000
68.125000	0.000000
68.150000	0.000000
68.175000	0.000000
68.200000	0.000000
68.225000	0.000000
68.250000	0.000000
68.275000	0.000000
68.300000	0.000000
68.325000	0.000000
68.350000	0.000000
68.375000	0.000000
68.400000	0.000000
68.425000	0.000000
68.450000	0.000000
68.475000	0.000000
68.500000	0.000000
68.525000	0.000000
68.550000	0.000000
68.575000	0.000000
68.600000	0.000000
68.625000	0.000000
68.650000	0.000000
68.675000	0.000000
68.700000	0.000000
68.725000	0.000000
68.750000	0.000000
68.775000	0.000000
68.800000	0.000000
68.825000	0.000000
68.850000	0.000000
68.875000	0.000000
68.900000	0.000000
68.925000	0.000000
68.950000	0.000000
68.975000	0.000000
69.000000	0.000000
69.025000	0.000000
69.050000	0.000000
69.075000	0.000000
69.100000	0.000000
69.125000	0.000000
69.150000	0.000000
69.175000	0.000000
69.200000	0.000000
69.225000	0.000000
69.250000	0.000000
69.275000	0.000000
69.300000	0.000000
69.325000	0.000000
69.350000	0.000000
69.375000	0.000000
69.400000	0.000000
69.425000	0.000000
69.450000	0.000000
69.475000	0.000000
69.500000	0.000000
69.525000	0.000000
69.550000	0.000000
69.575000	0.000000
69.600000	0.000000
69.625000	0.000000
69.650000	0.000000
69.675000	0.000000
69.700000	0.000000
69.725000	0.000000
69.750000	0.000000
69.775000	0.000000
69.800000	0.000000
69.825000	0.000000
69.850000	0.000000
69.875000	0.000000
69.900000	0.000000
69.925000	0.000000
69.950000	0.000000
69.975000	0.000000
70.000000	0.000000
70.025000	0.000000
70.050000	0.000000
70.075000	0.000000
70.100000	0.000000
70.125000	0.000000
70.150000	0.000000
70.175000	0.000000
70.200000	0.000000
70.225000	0.000000
70.250000	0.000000
70.275000	0.000000
70.300000	0.000000
70.325000	0.000000
70.350000	0.000000
70.375000	0.000000
70.400000	0.000000
70.425000	0.000000
70.450000	0.000000
70.475000	0.000000
70.500000	0.000000
70.525000	0.000000
70.550000	0.000000
70.575000	0.000000
70.600000	0.000000
70.625000	0.000000
70.650000	0.000000
70.675000	0.000000
70.700000	0.000000
70.725000	0.000000
70.750000	0.000000
70.775000	0.000000
70.800000	0.000000
70.825000	0.000000
70.850000	0.000000
70.875000	0.000000
70.900000	0.000000
70.925000	0.000000
70.950000	0.000000
70.975000	0.000000
71.000000	0.000000
71.025000	0.000000
71.050000	0.000000
71.075000	0.000000
71.100000	0.000000
71.125000	0.000000
71.150000	0.000000
71.175000	0.000000
71.200000	0.000000
71.225000	0.000000
71.250000	0.000000
71.275000	0.000000
71.300000	0.000000
71.325000	0.000000
71.350000	0.000000
71.375000	0.000000
71.400000	0.000000
71.425000	0.000000
71.450000	0.000000
71.475000	0.000000
71.500000	0.000000
71.525000	0.000000
71.550000	0.000000
71.575000	0.000000
71.600000	0.000000
71.625000	0.000000
71.650000	0.000000
71.675000	0.000000
71.700000	0.000000
71.725000	0.000000
71.750000	0.000000
71.775000	0.000000
71.800000	0.000000
71.825000	0.000000
71.850000	0.000000
71.875000	0.000000
71.900000	0.000000
71.925000	0.000000
71.950000	0.000000
71.975000	0.000000
