-0.09728001
-0.09727974
-0.09727923
-0.09727884
-0.09727897
-0.09728001
-0.09741390
-0.09773096
-0.09810901
-0.09842607
-0.09856001
-0.09856132
-0.09856196
-0.09856196
-0.09856132
-0.09856002
-0.09846686
-0.09823111
-0.09791407
-0.09757669
-0.09728001
-0.09702403
-0.09676804
-0.09651206
-0.09625595
-0.09599997
-0.09574400
-0.09548802
-0.09523204
-0.09497606
-0.09471997
-0.09442328
-0.09408588
-0.09376886
-0.09353323
-0.09344001
-0.09343898
-0.09343884
-0.09343923
-0.09343974
-0.09344001
-0.09344001
-0.09344001
-0.09344001
-0.09344000
-0.09344001
-0.09344001
-0.09344001
-0.09344001
-0.09344001
-0.09344001
-0.09343975
-0.09343924
-0.09343884
-0.09343898
-0.09344001
-0.09357396
-0.09389103
-0.09426909
-0.09458613
-0.09472002
-0.09472132
-0.09472197
-0.09472196
-0.09472132
-0.09472002
-0.09458612
-0.09426909
-0.09389102
-0.09357396
-0.09344001
-0.09343922
-0.09343962
-0.09344041
-0.09344079
-0.09344000
-0.09330606
-0.09298900
-0.09261093
-0.09229390
-0.09216000
-0.09215897
-0.09215883
-0.09215922
-0.09215974
-0.09216000
-0.09216000
-0.09216000
-0.09215999
-0.09215999
-0.09216000
-0.09216026
-0.09216078
-0.09216117
-0.09216104
-0.09216000
-0.09202606
-0.09170900
-0.09133095
-0.09101392
-0.09088002
-0.09087873
-0.09087808
-0.09087808
-0.09087873
-0.09088002
-0.09097320
-0.09120883
-0.09152584
-0.09186337
-0.09216004
-0.09241602
-0.09267199
-0.09292798
-0.09318396
-0.09343995
-0.09373676
-0.09407415
-0.09439117
-0.09462681
-0.09472001
-0.09472105
-0.09472119
-0.09472080
-0.09472028
-0.09472001
-0.09472002
-0.09472002
-0.09472002
-0.09472002
-0.09472002
-0.09472002
-0.09472001
-0.09472001
-0.09472002
-0.09472002
-0.09472001
-0.09472001
-0.09472002
-0.09472001
-0.09472002
-0.09472028
-0.09472080
-0.09472119
-0.09472106
-0.09472002
-0.09458614
-0.09426912
-0.09389105
-0.09357385
-0.09344001
-0.09343924
-0.09343961
-0.09344040
-0.09344079
-0.09344000
-0.09334679
-0.09311113
-0.09279411
-0.09245672
-0.09216004
-0.09186337
-0.09152585
-0.09120883
-0.09097321
-0.09088001
-0.09087872
-0.09087808
-0.09087808
-0.09087873
-0.09088002
-0.09101392
-0.09133094
-0.09170900
-0.09202605
-0.09216000
-0.09216104
-0.09216117
-0.09216078
-0.09216026
-0.09216000
-0.09215974
-0.09215922
-0.09215883
-0.09215897
-0.09216000
-0.09225317
-0.09248879
-0.09280597
-0.09314335
-0.09344003
-0.09369601
-0.09395199
-0.09420798
-0.09446396
-0.09472006
-0.09496239
-0.09519105
-0.09542655
-0.09568936
-0.09599993
-0.09648456
-0.09714620
-0.09782161
-0.09834734
-0.09856001
-0.09856106
-0.09856118
-0.09856080
-0.09856027
-0.09856002
-0.09856028
-0.09856080
-0.09856119
-0.09856106
-0.09856001
-0.09842610
-0.09810906
-0.09773099
-0.09741393
-0.09728000
-0.09727871
-0.09727807
-0.09727806
-0.09727871
-0.09728000
-0.09737319
-0.09760879
-0.09792596
-0.09826335
-0.09856003
-0.09885670
-0.09919406
-0.09951110
-0.09974685
-0.09984000
-0.09984104
-0.09984117
-0.09984078
-0.09984026
-0.09984000
-0.09983999
-0.09983999
-0.09983999
-0.09984000
-0.09984000
-0.09984000
-0.09983999
-0.09983999
-0.09983999
-0.09984000
-0.09983974
-0.09983922
-0.09983883
-0.09983896
-0.09983999
-0.09997390
-0.1002909
-0.1006690
-0.1009861
-0.1011200
-0.1011210
-0.1011212
-0.1011208
-0.1011203
-0.1011200
-0.1011200
-0.1011200
-0.1011200
-0.1011200
-0.1011200
-0.1011197
-0.1011192
-0.1011188
-0.1011190
-0.1011200
-0.1012539
-0.1015709
-0.1019490
-0.1022661
-0.1024000
-0.1024008
-0.1024004
-0.1023996
-0.1023992
-0.1024000
-0.1025341
-0.1028518
-0.1032303
-0.1035471
-0.1036800
-0.1035469
-0.1032295
-0.1028506
-0.1025331
-0.1024000
-0.1026660
-0.1033003
-0.1040576
-0.1046926
-0.1049600
-0.1049608
-0.1049604
-0.1049596
-0.1049592
-0.1049600
-0.1050941
-0.1054118
-0.1057902
-0.1061071
-0.1062400
-0.1059741
-0.1053398
-0.1045821
-0.1039472
-0.1036800
-0.1036792
-0.1036796
-0.1036804
-0.1036808
-0.1036800
-0.1035458
-0.1032283
-0.1028498
-0.1025329
-0.1024000
-0.1025329
-0.1028498
-0.1032283
-0.1035458
-0.1036800
-0.1036810
-0.1036812
-0.1036808
-0.1036803
-0.1036800
-0.1036800
-0.1036800
-0.1036800
-0.1036800
-0.1036800
-0.1036797
-0.1036792
-0.1036788
-0.1036789
-0.1036800
-0.1037732
-0.1040089
-0.1043259
-0.1046633
-0.1049600
-0.1052566
-0.1055940
-0.1059112
-0.1061468
-0.1062400
-0.1062413
-0.1062419
-0.1062419
-0.1062413
-0.1062400
-0.1061468
-0.1059112
-0.1055941
-0.1052568
-0.1049601
-0.1046632
-0.1043259
-0.1040088
-0.1037732
-0.1036800
-0.1036787
-0.1036781
-0.1036781
-0.1036787
-0.1036800
-0.1037732
-0.1040088
-0.1043258
-0.1046634
-0.1049600
-0.1052570
-0.1055949
-0.1059123
-0.1061478
-0.1062400
-0.1061071
-0.1057902
-0.1054117
-0.1050942
-0.1049600
-0.1049590
-0.1049588
-0.1049592
-0.1049597
-0.1049600
-0.1049597
-0.1049592
-0.1049588
-0.1049590
-0.1049600
-0.1050396
-0.1052479
-0.1055444
-0.1058886
-0.1062401
-0.1067245
-0.1073861
-0.1080615
-0.1085873
-0.1088000
-0.1088010
-0.1088012
-0.1088008
-0.1088003
-0.1088000
-0.1088000
-0.1088000
-0.1088000
-0.1088000
-0.1088000
-0.1088000
-0.1088000
-0.1088000
-0.1088000
-0.1088000
-0.1088003
-0.1088008
-0.1088012
-0.1088011
-0.1088000
-0.1085874
-0.1080614
-0.1073860
-0.1067244
-0.1062400
-0.1058887
-0.1055445
-0.1052478
-0.1050395
-0.1049600
-0.1049590
-0.1049588
-0.1049592
-0.1049597
-0.1049600
-0.1049597
-0.1049592
-0.1049588
-0.1049590
-0.1049600
-0.1050938
-0.1054110
-0.1057891
-0.1061061
-0.1062400
-0.1062410
-0.1062412
-0.1062408
-0.1062403
-0.1062400
-0.1062403
-0.1062408
-0.1062412
-0.1062410
-0.1062400
-0.1059729
-0.1053385
-0.1045815
-0.1039471
-0.1036800
-0.1036790
-0.1036788
-0.1036792
-0.1036797
-0.1036800
-0.1036800
-0.1036800
-0.1036800
-0.1036800
-0.1036800
-0.1036803
-0.1036808
-0.1036812
-0.1036810
-0.1036800
-0.1035868
-0.1033511
-0.1030341
-0.1026967
-0.1024000
-0.1021030
-0.1017651
-0.1014477
-0.1012122
-0.1011200
-0.1013302
-0.1019044
-0.1027578
-0.1038045
-0.1049600
-0.1064231
-0.1084435
-0.1110123
-0.1141219
-0.1177605
-0.1225507
-0.1290882
-0.1373263
-0.1472182
-0.1587171
-0.1739223
-0.1944897
-0.2197447
-0.2490070
-0.2815959
-0.3221968
-0.3736542
-0.4324328
-0.4950697
-0.5580797
-0.6301568
-0.7140000
-0.7971317
-0.8671025
-0.9113629
-0.9376001
-0.9607311
-0.9791914
-0.9914160
-0.9958401
-0.9667497
-0.8898985
-0.7808741
-0.6552644
-0.5286571
-0.3859158
-0.2115574
-0.02098037
0.1706661
0.3481556
0.5279595
0.7204489
0.9012429
1.046018
1.130244
1.173579
1.210578
1.239349
1.258000
1.264640
1.224474
1.120613
0.9779574
0.8214064
0.6758608
0.5274611
0.3587569
0.1895894
0.03955419
-0.07167620
-0.1572624
-0.2380434
-0.3058557
-0.3525516
-0.3699200
-0.3584663
-0.3288032
-0.2879720
-0.2430142
-0.2009529
-0.1549866
-0.1001348
-0.04625099
-0.003188718
0.01919844
0.02733400
0.03406897
0.03916464
0.04239239
0.04352000
0.03704919
0.02082988
-0.0003559971
-0.02169389
-0.03840066
-0.05021793
-0.06059862
-0.07031824
-0.08015235
-0.09088191
-0.1019984
-0.1130264
-0.1247675
-0.1380237
-0.1535967
-0.1753662
-0.2037599
-0.2344561
-0.2631255
-0.2854385
-0.3036823
-0.3216036
-0.3370655
-0.3479094
-0.3520001
-0.3396643
-0.3074678
-0.2626249
-0.2123492
-0.1638333
-0.1054878
-0.03172255
0.04115721
0.09684642
0.1190400
0.1142407
0.1007030
0.07970931
0.05254199
0.02048343
-0.04656480
-0.1649146
-0.3126567
-0.4676584
-0.6080017
-0.7537979
-0.9197043
-1.075560
-1.191247
-1.236480
-1.235286
-1.231771
-1.226038
-1.218188
-1.208323
-1.150646
-1.019516
-0.8451591
-0.6578091
-0.4876980
-0.3209660
-0.1372900
0.04284352
0.1986866
0.3097596
0.3907507
0.4655430
0.5273598
0.5694386
0.5849600
0.5677916
0.5233741
0.4623263
0.3952668
0.3328143
0.2654662
0.1858560
0.1076517
0.04454868
0.01024211
-0.004099943
-0.01612485
-0.02532437
-0.03120828
-0.03328000
-0.01946762
0.01578621
0.06320441
0.1135331
0.1574434
0.2008233
0.2498586
0.2957636
0.3297526
0.3430400
0.3428290
0.3422023
0.3411692
0.3397388
0.3379203
0.3190083
0.2728113
0.2092145
0.1380391
0.06912269
-0.004875123
-0.09159023
-0.1816244
-0.2656164
-0.3340842
-0.3942400
-0.4543959
-0.5068734
-0.5439943
-0.5580802
-0.5471073
-0.5176410
-0.4748460
-0.4238871
-0.3699294
-0.2990187
-0.2028326
-0.09517646
0.01028226
0.09983533
0.1830761
0.2701803
0.3483376
0.4046251
0.4262400
0.4197111
0.4017906
0.3749758
0.3417637
0.3046334
0.2470847
0.1600040
0.05702798
-0.04820681
-0.1420638
-0.2313992
-0.3254949
-0.4141695
-0.4873796
-0.5350375
-0.5654578
-0.5924211
-0.6140392
-0.6283939
-0.6336001
-0.6238959
-0.5989078
-0.5648209
-0.5278200
-0.4940755
-0.4605359
-0.4229922
-0.3859631
-0.3539672
-0.3315234
-0.3164441
-0.3035404
-0.2927971
-0.2842063
-0.2777605
-0.2734502
-0.2705639
-0.2680398
-0.2648190
-0.2598399
-0.2482944
-0.2279989
-0.2018292
-0.1726609
-0.1433563
-0.1101957
-0.07067791
-0.02956538
0.008379519
0.03839434
0.06364420
0.08845472
0.1098616
0.1248887
0.1305600
0.1258308
0.1131459
0.09475289
0.07292765
0.04992003
0.01991650
-0.02050814
-0.06551387
-0.1092803
-0.1459235
-0.1793021
-0.2138530
-0.2446423
-0.2667359
-0.2752000
-0.2707030
-0.2584861
-0.2404540
-0.2185115
-0.1945633
-0.1601490
-0.1105894
-0.05355903
0.003338575
0.05247913
0.09938698
0.1494650
0.1949053
0.2279111
0.2406400
0.2365403
0.2252700
0.2083703
0.1873821
0.1638465
0.1256674
0.06687331
-0.001891702
-0.06997221
-0.1267127
-0.1780196
-0.2316807
-0.2797556
-0.3143841
-0.3276801
-0.3190771
-0.2958292
-0.2617807
-0.2207550
-0.1766366
-0.1159254
-0.03103550
0.06535235
0.1605577
0.2419333
0.3182618
0.3987861
0.4713529
0.5238087
0.5439998
0.5382520
0.5224954
0.4989969
0.4700021
0.4377618
0.3868603
0.3097893
0.2206672
0.1335740
0.06271669
0.0009350292
-0.06243182
-0.1185875
-0.1587357
-0.1740800
-0.1704893
-0.1612616
-0.1487095
-0.1351455
-0.1228821
-0.1099543
-0.09479616
-0.08034998
-0.06953567
-0.06528002
-0.08060083
-0.1208701
-0.1775698
-0.2420951
-0.3059223
-0.3797895
-0.4711506
-0.5665364
-0.6524775
-0.7155272
-0.7628224
-0.8075345
-0.8451102
-0.8709964
-0.8806400
-0.8634205
-0.8181911
-0.7545639
-0.6821515
-0.6105666
-0.5293376
-0.4301066
-0.3256191
-0.2287748
-0.1523188
-0.08828108
-0.02523348
0.02921913
0.06747192
0.08191999
0.07442554
0.05447317
0.02585280
-0.007645661
-0.04223227
-0.08444699
-0.1388474
-0.1987713
-0.2575399
-0.3084749
-0.3533610
-0.3971159
-0.4377735
-0.4733096
-0.5017600
-0.5264621
-0.5503038
-0.5706265
-0.5847762
-0.5900800
-0.5888351
-0.5852705
-0.5796406
-0.5721999
-0.5632025
-0.5417979
-0.5008044
-0.4459358
-0.3829110
-0.3174486
-0.2412995
-0.1477333
-0.04470723
0.05966996
0.1574384
0.2586710
0.3687493
0.4726266
0.5552880
0.6016020
0.6233413
0.6416993
0.6558434
0.6649412
0.6681600
0.6441613
0.5820980
0.4968351
0.4032380
0.3161719
0.2280053
0.1283111
0.02795257
-0.06235182
-0.1318380
-0.1882485
-0.2425228
-0.2886880
-0.3207823
-0.3328000
-0.3252342
-0.3049335
-0.2754887
-0.2404907
-0.2035129
-0.1566907
-0.09444725
-0.02387270
0.04794296
0.1139097
0.1790700
0.2482358
0.3138410
0.3684210
0.4044787
0.4280148
0.4490041
0.4659054
0.4771814
0.4812800
0.4674596
0.4309641
0.3792365
0.3197199
0.2598300
0.1920821
0.1092197
0.01914560
-0.07023729
-0.1510261
-0.2297846
-0.3121324
-0.3885936
-0.4498135
-0.4863985
-0.5064467
-0.5236915
-0.5371897
-0.5459796
-0.5491201
-0.5343356
-0.4953482
-0.4402030
-0.3769450
-0.3135906
-0.2449148
-0.1633282
-0.07345836
0.02006735
0.1126213
0.2085132
0.3110217
0.4137871
0.5105973
0.5951928
0.6769658
0.7614805
0.8367571
0.8907078
0.9113598
0.9037384
0.8825577
0.8503411
0.8096129
0.7628734
0.6842467
0.5580531
0.4021850
0.2345346
0.07299437
-0.09376039
-0.2781926
-0.4645267
-0.6369140
-0.7795063
-0.9074959
-1.035687
-1.147675
-1.226897
-1.256960
-1.250104
-1.231120
-1.202381
-1.166243
-1.125115
-1.057321
-0.9503145
-0.8201200
-0.6827631
-0.5542691
-0.4265890
-0.2890778
-0.1535581
-0.03190918
0.06398977
0.1448035
0.2231836
0.2902417
0.3369941
0.3545600
0.3451552
0.3198437
0.2829803
0.2388979
0.1919953
0.1303925
0.04664342
-0.04828580
-0.1434290
-0.2278202
-0.3077215
-0.3906938
-0.4679074
-0.5304968
-0.5695965
-0.5929300
-0.6133014
-0.6294194
-0.6400229
-0.6438401
-0.6332999
-0.6058190
-0.5676097
-0.5248638
-0.4838369
-0.4405301
-0.3902262
-0.3380249
-0.2890262
-0.2483298
-0.2116382
-0.1745700
-0.1420159
-0.1188835
-0.1100800
-0.1128261
-0.1203206
-0.1314301
-0.1450315
-0.1599992
-0.1830170
-0.2172252
-0.2561795
-0.2934524
-0.3225614
-0.3463953
-0.3701283
-0.3907763
-0.4053549
-0.4108800
-0.4007366
-0.3732867
-0.3329895
-0.2843042
-0.2316898
-0.1628836
-0.06844682
0.04273769
0.1619203
0.2803119
0.4062193
0.5462220
0.6889314
0.8230191
0.9369643
1.043099
1.151412
1.247106
1.315381
1.341440
1.334744
1.316134
1.287816
1.251999
1.210889
1.141753
1.030613
0.8930421
0.7444609
0.6003321
0.4527483
0.2905969
0.1244678
-0.03480853
-0.1766433
-0.3112809
-0.4473057
-0.5715621
-0.6708945
-0.7321655
-0.7682109
-0.7994857
-0.8241293
-0.8402810
-0.8460802
-0.8308281
-0.7915791
-0.7380687
-0.6800323
-0.6272051
-0.5743121
-0.5147578
-0.4562801
-0.4067022
-0.3737599
-0.3523353
-0.3331141
-0.3175652
-0.3071575
-0.3033600
-0.3106007
-0.3295851
-0.3562126
-0.3863821
-0.4159933
-0.4480176
-0.4858527
-0.5261134
-0.5654007
-0.6003160
-0.6349123
-0.6717212
-0.7050705
-0.7292399
-0.7385601
-0.7378842
-0.7359177
-0.7327535
-0.7284819
-0.7231996
-0.7044109
-0.6645818
-0.6112366
-0.5518993
-0.4940942
-0.4334392
-0.3641546
-0.2915225
-0.2208510
-0.1574484
-0.09932934
-0.04249891
0.01076726
0.05811766
0.09727895
0.1286010
0.1552560
0.1791771
0.2023085
0.2265621
0.2509983
0.2743308
0.2979881
0.3233989
0.3519914
0.3857207
0.4242399
0.4656123
0.5078871
0.5491132
0.5918112
0.6373098
0.6817876
0.7214893
0.7526386
0.7787483
0.8039691
0.8254793
0.8404620
0.8460798
0.8399923
0.8234664
0.7991053
0.7695121
0.7372740
0.6944269
0.6348346
0.5639000
0.4870254
0.4096138
0.3279296
0.2375467
0.1429967
0.04868181
-0.04095418
-0.1279661
-0.2153957
-0.3002770
-0.3796804
-0.4505631
-0.5138434
-0.5725757
-0.6270581
-0.6775888
-0.7244872
-0.7674385
-0.8068433
-0.8439711
-0.8800912
-0.9164727
-0.9533861
-0.9900237
-1.025978
-1.060893
-1.094397
-1.128614
-1.163881
-1.197158
-1.225358
-1.245440
-1.260236
-1.273816
-1.284990
-1.292568
-1.295360
-1.288703
-1.270784
-1.244674
-1.213445
-1.180167
-1.138724
-1.083757
-1.019588
-0.9504626
-0.8806471
-0.8073564
-0.7271314
-0.6431946
-0.5588894
-0.4774393
-0.3980227
-0.3184502
-0.2399327
-0.1636807
-0.09087127
-0.02215645
0.04351868
0.1073460
0.1705174
0.2342246
0.2986092
0.3628171
0.4267178
0.4901499
0.5529521
0.6183247
0.6863877
0.7523854
0.8114671
0.8588794
0.8999088
0.9399282
0.9742810
0.9983187
1.007360
1.000139
0.9807341
0.9525238
0.9188889
0.8832089
0.8376549
0.7767338
0.7072228
0.6359165
0.5696087
0.5059088
0.4402758
0.3762566
0.3174900
0.2675213
0.2250530
0.1863557
0.1513573
0.1199719
0.09215773
0.06859013
0.04858047
0.02998750
0.01066999
-0.01151329
-0.03652497
-0.06321485
-0.09212360
-0.1237803
-0.1587141
-0.1989281
-0.2450601
-0.2955092
-0.3487404
-0.4031975
-0.4609507
-0.5233343
-0.5876873
-0.6513782
-0.7116840
-0.7729784
-0.8371297
-0.8977688
-0.9485262
-0.9830329
-1.006685
-1.027987
-1.045277
-1.056879
-1.061120
-1.047502
-1.011227
-0.9592528
-0.8984855
-0.8358441
-0.7627577
-0.6709617
-0.5678408
-0.4607287
-0.3571151
-0.2534769
-0.1448321
-0.03629758
0.06700976
0.1600141
0.2450838
0.3266712
0.4025853
0.4706350
0.5286294
0.5772256
0.6198436
0.6583658
0.6947362
0.7308767
0.7655415
0.7975776
0.8290476
0.8620314
0.8985610
0.9411858
0.9889560
1.038708
1.087279
1.131526
1.176800
1.225471
1.269808
1.302081
1.314560
1.309481
1.295268
1.273489
1.245696
1.213443
1.157553
1.065329
0.9480039
0.8169864
0.6835184
0.5375733
0.3685482
0.1868698
0.002964504
-0.1728213
-0.3489047
-0.5323422
-0.7102932
-0.8699176
-0.9983746
-1.109983
-1.218972
-1.312629
-1.378186
-1.402880
-1.394316
-1.370888
-1.335981
-1.293036
-1.245440
-1.176368
-1.075109
-0.9542468
-0.8263638
-0.7039877
-0.5828106
-0.4541886
-0.3244630
-0.1999753
-0.08706672
0.01853757
0.1219217
0.2182215
0.3025230
0.3699120
0.4282754
0.4845990
0.5326255
0.5660297
0.5785598
0.5758437
0.5683121
0.5568914
0.5425001
0.5260783
0.4992099
0.4567150
0.4043599
0.3479109
0.2931342
0.2381721
0.1789435
0.1177456
0.05690010
-0.001271124
-0.05704743
-0.1120289
-0.1658978
-0.2182598
-0.2687978
-0.3173492
-0.3642533
-0.4099201
-0.4547809
-0.4992031
-0.5434358
-0.5872307
-0.6302838
-0.6722909
-0.7129483
-0.7530637
-0.7928739
-0.8313226
-0.8673346
-0.8998347
-0.9303365
-0.9600118
-0.9872209
-1.010367
-1.027839
-1.041920
-1.055110
-1.066123
-1.073678
-1.076480
-1.073704
-1.066104
-1.054773
-1.040803
-1.025277
-1.003798
-0.9727874
-0.9345977
-0.8915809
-0.8460892
-0.7945279
-0.7337078
-0.6666996
-0.5964883
-0.5260856
-0.4520970
-0.3723061
-0.2914958
-0.2144136
-0.1459179
-0.07950615
-0.01118701
0.05054977
0.09721443
0.1203213
0.1281452
0.1345371
0.1393210
0.1423207
0.1433600
0.1316775
0.1028624
0.06633638
0.03147930
0.007681508
-0.007463090
-0.02168841
-0.03359449
-0.04176454
-0.04480001
-0.03320942
-0.002451804
0.04145276
0.09248419
0.1446466
0.2039804
0.2771331
0.3588883
0.4440298
0.5273412
0.6108502
0.6981731
0.7863206
0.8724282
0.9535907
1.032009
1.109865
1.184257
1.252175
1.310720
1.366392
1.422679
1.472122
1.507262
1.520640
1.519367
1.515696
1.509845
1.502034
1.492483
1.465440
1.411045
1.338299
1.256205
1.173771
1.084919
0.9815401
0.8695447
0.7550075
0.6438424
0.5336537
0.4204546
0.3078254
0.1992959
0.09855116
0.003535397
-0.08872096
-0.1760908
-0.2564469
-0.3276623
-0.3919656
-0.4521417
-0.5070600
-0.5555582
-0.5964743
-0.6307434
-0.6607779
-0.6876415
-0.7123603
-0.7359992
-0.7575096
-0.7764349
-0.7947162
-0.8143042
-0.8371220
-0.8638735
-0.8938800
-0.9270214
-0.9631776
-1.002228
-1.047152
-1.098851
-1.154209
-1.210088
-1.263351
-1.318762
-1.378457
-1.435248
-1.482032
-1.511679
-1.529637
-1.545418
-1.557979
-1.566283
-1.569280
-1.555637
-1.519597
-1.468493
-1.409656
-1.350417
-1.284796
-1.205671
-1.118514
-1.028823
-0.9420961
-0.8565263
-0.7683886
-0.6804573
-0.5953801
-0.5158461
-0.4419898
-0.3716466
-0.3040576
-0.2384334
-0.1740777
-0.1120814
-0.05284596
0.005469050
0.06470396
0.1267297
0.1921272
0.2598030
0.3289535
0.3987754
0.4684653
0.5408827
0.6166083
0.6912858
0.7606687
0.8204747
0.8772667
0.9351978
0.9863657
1.022880
1.036800
1.033184
1.023086
1.007628
0.9879347
0.9651169
0.9249669
0.8587661
0.7759064
0.6857802
0.5977793
0.5067343
0.4056498
0.3013723
0.2006032
0.1100896
0.02412139
-0.06254403
-0.1424841
-0.2081620
-0.2521600
-0.2819066
-0.3084846
-0.3299172
-0.3442279
-0.3494400
-0.3417889
-0.3220347
-0.2949708
-0.2653902
-0.2380861
-0.2081073
-0.1721780
-0.1375369
-0.1114341
-0.1011200
-0.1016264
-0.1030999
-0.1054735
-0.1086760
-0.1126399
-0.1277210
-0.1596605
-0.2014660
-0.2461453
-0.2867234
-0.3278087
-0.3741041
-0.4186722
-0.4545757
-0.4748773
-0.4844600
-0.4925749
-0.4988448
-0.5028873
-0.5043200
-0.4914332
-0.4576170
-0.4101260
-0.3562879
-0.3033619
-0.2464582
-0.1794422
-0.1077282
-0.03669779
0.02816458
0.09100949
0.1556650
0.2162888
0.2670388
0.3020728
0.3267460
0.3490782
0.3672713
0.3795153
0.3839999
0.3782909
0.3633379
0.3423977
0.3187592
0.2956812
0.2708280
0.2415394
0.2105983
0.1807739
0.1548787
0.1325058
0.1114820
0.09191727
0.07392150
0.05760468
0.04358091
0.03151580
0.02005947
0.007869383
-0.006397006
-0.02316928
-0.04191601
-0.06250701
-0.08483849
-0.1087981
-0.1362223
-0.1676334
-0.2009473
-0.2340954
-0.2649612
-0.2955000
-0.3271587
-0.3571153
-0.3825482
-0.4006421
-0.4139222
-0.4261094
-0.4361364
-0.4429357
-0.4454401
-0.4426793
-0.4355652
-0.4258672
-0.4153450
-0.4057608
-0.3961012
-0.3851717
-0.3744640
-0.3654665
-0.3596800
-0.3566143
-0.3544455
-0.3526578
-0.3507349
-0.3481596
-0.3450193
-0.3415034
-0.3372539
-0.3319127
-0.3251217
-0.3132930
-0.2943316
-0.2701585
-0.2426683
-0.2137633
-0.1803704
-0.1400637
-0.09569744
-0.05019098
-0.006399922
0.03828971
0.08579811
0.1322087
0.1736050
0.2060831
0.2332810
0.2595399
0.2819275
0.2975116
0.3033600
0.2999808
0.2909114
0.2777764
0.2621882
0.2457621
0.2247045
0.1965749
0.1650078
0.1336845
0.1062404
0.08061601
0.05421172
0.02986784
0.01042470
-0.001280673
-0.007814094
-0.01344324
-0.01785361
-0.02073070
-0.02176000
-0.01848122
-0.01008239
0.001284922
0.01346911
0.02431858
0.03513711
0.04736309
0.05904901
0.06823023
0.07295992
0.07467818
0.07609612
0.07716692
0.07784402
0.07807997
0.07581691
0.07042087
0.06398037
0.05858392
0.05632000
0.05752413
0.06080214
0.06565397
0.07157956
0.07807884
0.08818070
0.1032073
0.1201027
0.1357855
0.1471996
0.1555461
0.1635075
0.1702396
0.1749001
0.1766400
0.1705000
0.1541765
0.1308118
0.1035483
0.07552823
0.04272143
0.001509137
-0.04442500
-0.09138434
-0.1356722
-0.1803535
-0.2279210
-0.2737310
-0.3132090
-0.3417584
-0.3631390
-0.3829563
-0.3993796
-0.4105817
-0.4147201
-0.4096259
-0.3962638
-0.3775135
-0.3562545
-0.3353664
-0.3112786
-0.2815916
-0.2508883
-0.2237613
-0.2048027
-0.1916056
-0.1794228
-0.1693650
-0.1625246
-0.1600000
-0.1659404
-0.1814573
-0.2030912
-0.2273937
-0.2508805
-0.2763802
-0.3065910
-0.3378752
-0.3665954
-0.3891225
-0.4078265
-0.4261057
-0.4418167
-0.4528159
-0.4569600
-0.4542488
-0.4470290
-0.4366886
-0.4246058
-0.4121614
-0.3967867
-0.3768458
-0.3551209
-0.3343846
-0.3174399
-0.3028423
-0.2883464
-0.2755174
-0.2659204
-0.2611197
-0.2595945
-0.2585917
-0.2578395
-0.2570663
-0.2560003
-0.2547536
-0.2534652
-0.2519047
-0.2498402
-0.2470404
-0.2397839
-0.2257332
-0.2067260
-0.1846285
-0.1612803
-0.1338248
-0.09962172
-0.06084398
-0.01966427
0.02176410
0.06541064
0.1129601
0.1617249
0.2090172
0.2521495
0.2941327
0.3369904
0.3766571
0.4090478
0.4300779
0.4435547
0.4554663
0.4649954
0.4713120
0.4736000
0.4678140
0.4525043
0.4307446
0.4056086
0.3801579
0.3520561
0.3181632
0.2804025
0.2406973
0.2009709
0.1602380
0.1171236
0.07286376
0.02871331
-0.01407309
-0.05647096
-0.09933339
-0.1412394
-0.1807077
-0.2163183
-0.2499412
-0.2829775
-0.3132820
-0.3387199
-0.3571209
-0.3711178
-0.3839963
-0.3946123
-0.4018216
-0.4044800
-0.4023509
-0.3966090
-0.3882198
-0.3781489
-0.3673621
-0.3537050
-0.3353837
-0.3138974
-0.2907767
-0.2675216
-0.2432289
-0.2167016
-0.1890095
-0.1612096
-0.1343988
-0.1074646
-0.07968733
-0.05270589
-0.02815907
-0.007685683
0.01087921
0.02928991
0.04533415
0.05679108
0.06143990
0.06189472
0.06225253
0.06251074
0.06266730
0.06271999
0.06051563
0.05513363
0.04842190
0.04222581
0.03839993
0.03643742
0.03468819
0.03328023
0.03234151
0.03200000
0.03345719
0.03698540
0.04132099
0.04520034
0.04735981
0.04818774
0.04889314
0.04944019
0.04979417
0.04991999
0.04711529
0.03971334
0.02923428
0.01719239
0.005119914
-0.008487751
-0.02507906
-0.04305802
-0.06082861
-0.07680178
-0.09265825
-0.1095448
-0.1250309
-0.1366861
-0.1420797
-0.1434074
-0.1444762
-0.1452646
-0.1457527
-0.1459200
-0.1421275
-0.1325957
-0.1200904
-0.1073964
-0.09728009
-0.08876106
-0.07987591
-0.07192226
-0.06619775
-0.06400000
-0.06635916
-0.07266392
-0.08175681
-0.09248038
-0.1036771
-0.1173095
-0.1349632
-0.1548795
-0.1753246
-0.1945574
-0.2133726
-0.2329322
-0.2520526
-0.2695228
-0.2841596
-0.2964053
-0.3075061
-0.3174760
-0.3263284
-0.3340806
-0.3409817
-0.3472688
-0.3529213
-0.3579183
-0.3622389
-0.3663823
-0.3705093
-0.3741015
-0.3766385
-0.3776000
-0.3766130
-0.3738708
-0.3697001
-0.3644341
-0.3584003
-0.3487230
-0.3334053
-0.3140952
-0.2924298
-0.2700785
-0.2452532
-0.2162442
-0.1848009
-0.1526727
-0.1216089
-0.09038359
-0.05785824
-0.02583534
0.003868289
0.02943584
0.05358999
0.07811424
0.09978693
0.1153553
0.1216000
0.1220562
0.1224141
0.1226718
0.1228277
0.1228800
0.1185698
0.1073900
0.09196590
0.07492239
0.05888460
0.04312389
0.02577727
0.007732079
-0.01011739
-0.02687681
-0.04312842
-0.05950998
-0.07518124
-0.08932571
-0.1011191
-0.1112936
-0.1208185
-0.1292239
-0.1360433
-0.1408001
-0.1442835
-0.1474260
-0.1499787
-0.1516930
-0.1523200
-0.1521708
-0.1517700
-0.1511878
-0.1504944
-0.1497602
-0.1488500
-0.1476507
-0.1462670
-0.1448023
-0.1433601
-0.1420119
-0.1406838
-0.1392619
-0.1376314
-0.1356800
-0.1330692
-0.1297112
-0.1258667
-0.1217965
-0.1177595
-0.1129812
-0.1072712
-0.1017744
-0.09763566
-0.09600000
-0.09599869
-0.09599803
-0.09599803
-0.09599870
-0.09600000
-0.09850621
-0.1050533
-0.1141916
-0.1244573
-0.1343999
-0.1448710
-0.1570129
-0.1698069
-0.1822343
-0.1932811
-0.2039867
-0.2151280
-0.2252683
-0.2329710
-0.2367996
-0.2381023
-0.2391680
-0.2399658
-0.2404664
-0.2406400
-0.2391773
-0.2353299
-0.2299074
-0.2237274
-0.2176002
-0.2111885
-0.2037743
-0.1955983
-0.1869011
-0.1779192
-0.1685555
-0.1585741
-0.1480270
-0.1369660
-0.1254432
-0.1132129
-0.1001856
-0.08661497
-0.07276069
-0.05888221
-0.04458604
-0.02969126
-0.01477000
-0.0004157787
0.01279943
0.02577527
0.03898546
0.05121161
0.06123531
0.06784031
0.07217453
0.07602490
0.07911612
0.08117291
0.08192000
0.07966061
0.07365822
0.06507368
0.05506790
0.04480179
0.03317232
0.01885193
0.002659000
-0.01456430
-0.03199890
-0.05022806
-0.06991096
-0.09033459
-0.1107955
-0.1305610
-0.1501256
-0.1699703
-0.1893761
-0.2076240
-0.2239953
-0.2396427
-0.2552517
-0.2694404
-0.2808192
-0.2879990
-0.2924177
-0.2962788
-0.2993398
-0.3013543
-0.3020800
-0.3009373
-0.2979862
-0.2939426
-0.2895204
-0.2854399
-0.2814641
-0.2770999
-0.2726757
-0.2685200
-0.2649612
-0.2621974
-0.2599414
-0.2577866
-0.2553281
-0.2521608
-0.2479655
-0.2426803
-0.2362955
-0.2287940
-0.2201609
-0.2089853
-0.1944017
-0.1772148
-0.1582198
-0.1382397
-0.1158144
-0.08994117
-0.06209753
-0.03376102
-0.006396635
0.02092381
0.04919832
0.07699578
0.1028851
0.1254352
0.1460410
0.1661073
0.1841802
0.1988355
0.2086391
0.2153175
0.2212657
0.2260509
0.2292410
0.2304000
0.2300075
0.2289666
0.2274819
0.2257584
0.2239998
0.2221681
0.2200406
0.2175491
0.2146253
0.2112009
0.2069147
0.2014449
0.1947931
0.1869532
0.1779213
0.1660886
0.1504961
0.1321077
0.1119142
0.09088049
0.06748915
0.04068620
0.01213986
-0.01648165
-0.04352232
-0.07063177
-0.09895578
-0.1260125
-0.1493200
-0.1663964
-0.1794594
-0.1916255
-0.2017338
-0.2086415
-0.2112000
-0.2085206
-0.2015736
-0.1919938
-0.1814309
-0.1715204
-0.1602791
-0.1465421
-0.1331778
-0.1230543
-0.1190400
-0.1196495
-0.1213804
-0.1240864
-0.1276212
-0.1318387
-0.1413744
-0.1588154
-0.1809613
-0.2046092
-0.2265565
-0.2488482
-0.2736482
-0.2979372
-0.3186603
-0.3327994
-0.3424225
-0.3511450
-0.3582561
-0.3630463
-0.3648000
-0.3605748
-0.3495139
-0.3340381
-0.3165682
-0.2995249
-0.2809815
-0.2589906
-0.2359002
-0.2140658
-0.1958430
-0.1793173
-0.1625132
-0.1476933
-0.1371419
-0.1331200
-0.1339244
-0.1361478
-0.1395046
-0.1437120
-0.1484802
-0.1567391
-0.1698710
-0.1852732
-0.2003428
-0.2124768
-0.2228780
-0.2335016
-0.2428949
-0.2496002
-0.2521600
-0.2499426
-0.2439671
-0.2352635
-0.2248536
-0.2137611
-0.1994950
-0.1802799
-0.1582146
-0.1353873
-0.1139197
-0.09268280
-0.07027696
-0.04837805
-0.02866198
-0.01280463
0.0005851673
0.01330774
0.02433038
0.03261398
0.03711946
0.03894823
0.04013924
0.04105530
0.04206088
0.04351979
0.04546658
0.04780620
0.05070820
0.05434407
0.05887997
0.06670590
0.07912163
0.09466382
0.1118690
0.1292819
0.1482757
0.1701435
0.1932658
0.2160229
0.2367952
0.2577072
0.2799380
0.3004049
0.3160588
0.3238396
0.3264449
0.3285753
0.3301718
0.3311729
0.3315200
0.3269866
0.3151548
0.2986785
0.2802111
0.2623985
0.2439542
0.2228244
0.2005493
0.1786694
0.1587249
0.1404062
0.1225871
0.1056166
0.08981769
0.07552206
0.06289006
0.05149353
0.04077635
0.03019743
0.01920046
0.008126118
-0.002658631
-0.01366571
-0.02540701
-0.03840103
-0.05305499
-0.06925464
-0.08670265
-0.1051017
-0.1241544
-0.1446694
-0.1669465
-0.1899780
-0.2127470
-0.2342364
-0.2552093
-0.2763827
-0.2966787
-0.3149899
-0.3302392
-0.3434045
-0.3557564
-0.3666455
-0.3754226
-0.3814403
-0.3855927
-0.3891604
-0.3920598
-0.3942075
-0.3955197
-0.3962180
-0.3966764
-0.3970419
-0.3974609
-0.3980800
-0.3991053
-0.4005419
-0.4022344
-0.4040255
-0.4057599
-0.4077499
-0.4101036
-0.4123583
-0.4140520
-0.4147201
-0.4147213
-0.4147220
-0.4147220
-0.4147214
-0.4147201
-0.4128292
-0.4077703
-0.4004570
-0.3918030
-0.3827220
-0.3718366
-0.3578322
-0.3417112
-0.3244998
-0.3072016
-0.2889994
-0.2691095
-0.2485933
-0.2285030
-0.2099197
-0.1921719
-0.1744793
-0.1577250
-0.1427920
-0.1305636
-0.1203257
-0.1109695
-0.1027620
-0.09597511
-0.09088098
-0.08727606
-0.08449022
-0.08210021
-0.07967882
-0.07680038
-0.07339461
-0.06971390
-0.06581624
-0.06175765
-0.05760001
-0.05293607
-0.04771318
-0.04251835
-0.03793859
-0.03455970
-0.03197654
-0.02954820
-0.02751547
-0.02611914
-0.02560000
-0.02678639
-0.02998090
-0.03462851
-0.04017854
-0.04607921
-0.05353142
-0.06346492
-0.07491984
-0.08694203
-0.09855980
-0.1105298
-0.1235067
-0.1363864
-0.1480646
-0.1574408
-0.1655264
-0.1734550
-0.1802847
-0.1850737
-0.1868800
-0.1862450
-0.1845128
-0.1819470
-0.1788090
-0.1753605
-0.1702751
-0.1628386
-0.1542289
-0.1456367
-0.1382402
-0.1312130
-0.1237174
-0.1169195
-0.1119850
-0.1100800
-0.1102656
-0.1107905
-0.1116065
-0.1126656
-0.1139196
-0.1166830
-0.1216348
-0.1277622
-0.1340596
-0.1395192
-0.1447925
-0.1505644
-0.1558781
-0.1597688
-0.1612800
-0.1612813
-0.1612820
-0.1612820
-0.1612813
-0.1612800
-0.1598825
-0.1562193
-0.1510790
-0.1452503
-0.1395216
-0.1335667
-0.1267274
-0.1192804
-0.1115053
-0.1036815
-0.09563510
-0.08715873
-0.07847770
-0.06982986
-0.06144062
-0.05325891
-0.04512851
-0.03712121
-0.02930517
-0.02175970
-0.01437844
-0.007099400
-5.520694e-05
0.006621505
0.01279810
0.01868158
0.02440828
0.02975450
0.03449367
0.03839928
0.04191473
0.04536203
0.04833293
0.05041489
0.05119999
0.05077950
0.04963126
0.04792537
0.04583088
0.04351995
0.04012154
0.03513632
0.02929048
0.02331020
0.01792165
0.01268726
0.007121895
0.001868682
-0.002426964
-0.005119622
-0.006724433
-0.008128833
-0.009242096
-0.009975602
-0.01024000
-0.009318720
-0.006963936
-0.003789912
-0.0004093532
0.002560007
0.005529371
0.008908320
0.01208258
0.01443790
0.01536000
0.01522780
0.01486104
0.01430441
0.01360257
0.01280020
0.01136125
0.009026238
0.006259950
0.003523826
0.001280240
-0.0004333786
-0.001956068
-0.003389890
-0.004837618
-0.006399974
-0.007977486
-0.009506030
-0.01114172
-0.01304068
-0.01536025
-0.01839885
-0.02230110
-0.02698785
-0.03237998
-0.03839834
-0.04587841
-0.05527451
-0.06591767
-0.07715221
-0.08831838
-0.1001206
-0.1130373
-0.1260748
-0.1382201
-0.1484797
-0.1579560
-0.1675624
-0.1760147
-0.1820287
-0.1843200
-0.1832547
-0.1803564
-0.1760709
-0.1708440
-0.1651216
-0.1571632
-0.1458183
-0.1324427
-0.1183759
-0.1049621
-0.09133489
-0.07658416
-0.06198458
-0.04883192
-0.03840046
-0.02954086
-0.02091383
-0.01351655
-0.008346211
-0.006400000
-0.007188463
-0.009328414
-0.01248201
-0.01631139
-0.02047873
-0.02611271
-0.03399707
-0.04328920
-0.05314448
-0.06271829
-0.07218974
-0.08214784
-0.09236674
-0.1026059
-0.1126393
-0.1224895
-0.1323110
-0.1420711
-0.1517370
-0.1612804
-0.1709210
-0.1806881
-0.1902425
-0.1992453
-0.2073576
-0.2147240
-0.2216654
-0.2281251
-0.2340430
-0.2393590
-0.2443733
-0.2492276
-0.2536246
-0.2572609
-0.2598398
-0.2617536
-0.2634968
-0.2649230
-0.2658865
-0.2662400
-0.2660476
-0.2655092
-0.2646832
-0.2636275
-0.2624004
-0.2602762
-0.2567621
-0.2522619
-0.2471801
-0.2419212
-0.2361638
-0.2294705
-0.2220687
-0.2141963
-0.2060809
-0.1974069
-0.1879565
-0.1781073
-0.1682327
-0.1587200
-0.1492744
-0.1396412
-0.1302511
-0.1215347
-0.1139225
-0.1072006
-0.1009362
-0.09521532
-0.09012715
-0.08576097
-0.08223362
-0.07933386
-0.07666322
-0.07381913
-0.07040050
-0.06632348
-0.06175318
-0.05666164
-0.05101812
-0.04480010
-0.03748211
-0.02887334
-0.01944389
-0.009663918
9.587459e-07
0.01048464
0.02211603
0.03349737
0.04323086
0.04991876
0.05452289
0.05870980
0.06212847
0.06443416
0.06527998
0.06334772
0.05825382
0.05105446
0.04280178
0.03456024
0.02544221
0.01446748
0.002548165
-0.009403666
-0.02048085
-0.03088426
-0.04124323
-0.05126420
-0.06065358
-0.06911779
-0.07679500
-0.08399961
-0.09068996
-0.09683473
-0.1023991
-0.1074012
-0.1119606
-0.1161968
-0.1202234
-0.1241598
-0.1280096
-0.1317093
-0.1352760
-0.1387268
-0.1420802
-0.1454015
-0.1486888
-0.1518513
-0.1547984
-0.1574393
-0.1597301
-0.1617732
-0.1636938
-0.1656202
-0.1676796
-0.1698967
-0.1721897
-0.1745271
-0.1768743
-0.1791998
-0.1814843
-0.1837493
-0.1860240
-0.1883376
-0.1907201
-0.1932660
-0.1959596
-0.1986601
-0.2012270
-0.2035193
-0.2055366
-0.2073979
-0.2091469
-0.2108266
-0.2124797
-0.2143368
-0.2163736
-0.2182507
-0.2196259
-0.2201600
-0.2199729
-0.2194452
-0.2186271
-0.2175682
-0.2163199
-0.2139507
-0.2098313
-0.2044647
-0.1983540
-0.1920021
-0.1848341
-0.1762782
-0.1668251
-0.1569685
-0.1472021
-0.1371659
-0.1265133
-0.1157540
-0.1054133
-0.09600093
-0.08734350
-0.07902453
-0.07119448
-0.06400050
-0.05759996
-0.05179602
-0.04636197
-0.04139801
-0.03700435
-0.03328119
-0.03016587
-0.02745149
-0.02501407
-0.02273121
-0.02048054
-0.01809052
-0.01563011
-0.01334199
-0.01146524
-0.01024010
-0.009449621
-0.008749229
-0.008188067
-0.007815152
-0.007680001
-0.008160602
-0.009428989
-0.01122500
-0.01328848
-0.01535926
-0.01771716
-0.02060897
-0.02373023
-0.02677551
-0.02943939
-0.03202173
-0.03475206
-0.03721378
-0.03899437
-0.03968000
-0.03954125
-0.03916131
-0.03859479
-0.03789594
-0.03712003
-0.03567864
-0.03339308
-0.03093220
-0.02896489
-0.02816000
-0.02821529
-0.02837707
-0.02863919
-0.02899550
-0.02943986
-0.03123293
-0.03521132
-0.04072304
-0.04712157
-0.05375895
-0.06146067
-0.07101231
-0.08170990
-0.09283374
-0.1036795
-0.1146286
-0.1261640
-0.1377285
-0.1487650
-0.1587206
-0.1681779
-0.1776130
-0.1862872
-0.1934620
-0.1983989
-0.2018824
-0.2050264
-0.2075791
-0.2092932
-0.2099200
-0.2085242
-0.2048616
-0.1997185
-0.1938891
-0.1881604
-0.1821907
-0.1753165
-0.1678433
-0.1600770
-0.1523196
-0.1442905
-0.1357683
-0.1271650
-0.1188923
-0.1113622
-0.1044268
-0.09775936
-0.09148617
-0.08573683
-0.08064094
-0.07587845
-0.07125638
-0.06709374
-0.06371544
-0.06144015
-0.05987298
-0.05847393
-0.05734644
-0.05659398
-0.05632000
-0.05681148
-0.05810158
-0.05991387
-0.06197194
-0.06399937
-0.06617214
-0.06872389
-0.07146961
-0.07422344
-0.07679947
-0.07936515
-0.08204731
-0.08459975
-0.08677262
-0.08831988
-0.08945618
-0.09050009
-0.09135987
-0.09194394
-0.09215999
-0.09216078
-0.09216040
-0.09215961
-0.09215922
-0.09216000
-0.09222589
-0.09240692
-0.09268299
-0.09303401
-0.09343991
-0.09413945
-0.09528271
-0.09671684
-0.09828685
-0.09983982
-0.1017271
-0.1040685
-0.1063622
-0.1081072
-0.1088000
-0.1087445
-0.1085823
-0.1083199
-0.1079637
-0.1075202
-0.1057109
-0.1017535
-0.09639690
-0.09038990
-0.08448143
-0.07817393
-0.07085249
-0.06310462
-0.05550733
-0.04864090
-0.04167619
-0.03418892
-0.02736791
-0.02240026
-0.02048000
-0.02047870
-0.02047804
-0.02047804
-0.02047869
-0.02048000
-0.02221744
-0.02671390
-0.03290148
-0.03971229
-0.04607841
-0.05243157
-0.05952803
-0.06677222
-0.07357880
-0.07935922
-0.08452737
-0.08959792
-0.09413239
-0.09769374
-0.09983994
-0.1010670
-0.1021228
-0.1029490
-0.1034875
-0.1036800
-0.1034138
-0.1027789
-0.1020212
-0.1013863
-0.1011200
-0.1016983
-0.1032659
-0.1055674
-0.1083498
-0.1113595
-0.1152693
-0.1206203
-0.1269633
-0.1338396
-0.1407996
-0.1482441
-0.1565503
-0.1652299
-0.1737949
-0.1817604
-0.1893296
-0.1968538
-0.2040491
-0.2106318
-0.2163184
-0.2213826
-0.2261602
-0.2304512
-0.2340628
-0.2367996
-0.2388315
-0.2405216
-0.2419644
-0.2432523
-0.2444799
-0.2457987
-0.2471667
-0.2483872
-0.2492639
-0.2496000
-0.2495437
-0.2493799
-0.2491162
-0.2487604
-0.2483201
-0.2468760
-0.2437964
-0.2395190
-0.2344814
-0.2291212
-0.2226351
-0.2143213
-0.2047663
-0.1945705
-0.1843210
-0.1735188
-0.1617054
-0.1495335
-0.1376502
-0.1267198
-0.1163935
-0.1061847
-0.09653138
-0.08787128
-0.08064222
-0.07440879
-0.06861557
-0.06350569
-0.05932530
-0.05632054
-0.05425103
-0.05260646
-0.05122805
-0.04995890
-0.04864017
-0.04726304
-0.04592831
-0.04464217
-0.04341028
-0.04224000
-0.04097971
-0.03961955
-0.03837754
-0.03747169
-0.03712001
-0.03711871
-0.03711805
-0.03711805
-0.03711870
-0.03712001
-0.03777990
-0.03950873
-0.04193068
-0.04467232
-0.04735965
-0.05014221
-0.05333044
-0.05679124
-0.06039327
-0.06399993
-0.06773236
-0.07168665
-0.07569461
-0.07958803
-0.08319870
-0.08673631
-0.09032688
-0.09368537
-0.09652518
-0.09855960
-0.1000750
-0.1014682
-0.1026150
-0.1033932
-0.1036800
-0.1033879
-0.1025990
-0.1014441
-0.1000536
-0.09856007
-0.09645284
-0.09347724
-0.09014733
-0.08697716
-0.08447986
-0.08240911
-0.08034559
-0.07854946
-0.07728087
-0.07680000
-0.07692280
-0.07727107
-0.07781375
-0.07852025
-0.07935986
-0.08112187
-0.08428789
-0.08836676
-0.09286120
-0.09727976
-0.1019656
-0.1073020
-0.1128553
-0.1181919
-0.1228802
-0.1271873
-0.1314567
-0.1353686
-0.1385922
-0.1407995
-0.1423521
-0.1437485
-0.1448823
-0.1456420
-0.1459200
-0.1457629
-0.1453467
-0.1447526
-0.1440635
-0.1433601
-0.1423914
-0.1410665
-0.1397143
-0.1386635
-0.1382400
-0.1383028
-0.1384799
-0.1387535
-0.1391059
-0.1395201
-0.1402811
-0.1415852
-0.1432751
-0.1451990
-0.1472005
-0.1494018
-0.1519857
-0.1548737
-0.1579976
-0.1612781
-0.1650411
-0.1693806
-0.1738831
-0.1781479
-0.1817586
-0.1851075
-0.1885321
-0.1915662
-0.1937332
-0.1945600
-0.1943695
-0.1938353
-0.1930118
-0.1919546
-0.1907203
-0.1884754
-0.1846858
-0.1798383
-0.1744353
-0.1689606
-0.1630090
-0.1561413
-0.1487855
-0.1413961
-0.1344000
-0.1276512
-0.1208386
-0.1142025
-0.1079822
-0.1023994
-0.09718671
-0.09210024
-0.08745001
-0.08352789
-0.08063948
-0.07858529
-0.07689150
-0.07545882
-0.07418192
-0.07296075
-0.07186814
-0.07095342
-0.07007360
-0.06908325
-0.06784073
-0.06614020
-0.06397991
-0.06151985
-0.05891281
-0.05632097
-0.05361302
-0.05067891
-0.04768740
-0.04481572
-0.04224063
-0.03965725
-0.03693002
-0.03446742
-0.03268732
-0.03200001
-0.03199870
-0.03199805
-0.03199805
-0.03199870
-0.03200001
-0.03281305
-0.03484902
-0.03750264
-0.04016624
-0.04224012
-0.04391303
-0.04562697
-0.04714257
-0.04822630
-0.04864001
-0.04826380
-0.04725454
-0.04579470
-0.04406230
-0.04223945
-0.03993355
-0.03687217
-0.03343146
-0.02997561
-0.02688149
-0.02376189
-0.02036272
-0.01724586
-0.01496415
-0.01408000
-0.01426710
-0.01479455
-0.01561306
-0.01667193
-0.01791959
-0.02035823
-0.02461240
-0.03008415
-0.03615780
-0.04223888
-0.04863600
-0.05585309
-0.06359198
-0.07152636
-0.07935943
-0.08718630
-0.09523345
-0.1033330
-0.1113170
-0.1190403
-0.1266570
-0.1342964
-0.1417094
-0.1486471
-0.1548809
-0.1609036
-0.1669766
-0.1724633
-0.1767485
-0.1792004
-0.1804480
-0.1815069
-0.1823248
-0.1828529
-0.1830400
-0.1820888
-0.1795705
-0.1759949
-0.1718610
-0.1676818
-0.1629766
-0.1572400
-0.1509055
-0.1444227
-0.1382420
-0.1320899
-0.1256821
-0.1193989
-0.1136446
-0.1088010
-0.1043471
-0.09988256
-0.09597600
-0.09321121
-0.09216000
-0.09221942
-0.09238932
-0.09265771
-0.09301181
-0.09344001
-0.09460946
-0.09685877
-0.09967539
-0.1025446
-0.1049602
-0.1071810
-0.1095654
-0.1117326
-0.1133105
-0.1139200
-0.1136335
-0.1128550
-0.1117088
-0.1103156
-0.1088009
-0.1067312
-0.1038203
-0.1004110
-0.09683622
-0.09344158
-0.08974116
-0.08550927
-0.08146691
-0.07832324
-0.07680018
-0.07636260
-0.07600731
-0.07574240
-0.07557704
-0.07552002
-0.07640462
-0.07868396
-0.08180362
-0.08519960
-0.08831958
-0.09156526
-0.09531505
-0.09898220
-0.1019666
-0.1036800
-0.1045075
-0.1052130
-0.1057603
-0.1061141
-0.1062400
-0.1053806
-0.1033013
-0.1007580
-0.09849896
-0.09727992
-0.09686031
-0.09650686
-0.09623563
-0.09606145
-0.09599999
-0.09710789
-0.1000426
-0.1042117
-0.1090354
-0.1139175
-0.1195414
-0.1265066
-0.1341098
-0.1416697
-0.1484774
-0.1550471
-0.1618561
-0.1682041
-0.1733705
-0.1766394
-0.1786408
-0.1803939
-0.1817884
-0.1827078
-0.1830400
-0.1818047
-0.1786202
-0.1742577
-0.1695017
-0.1651203
-0.1607898
-0.1559683
-0.1511372
-0.1467781
-0.1433599
-0.1405139
-0.1377504
-0.1353869
-0.1337396
-0.1331200
-0.1335188
-0.1344709
-0.1356065
-0.1365595
-0.1369600
-0.1369613
-0.1369620
-0.1369620
-0.1369613
-0.1369600
-0.1356248
-0.1320835
-0.1270384
-0.1211759
-0.1152026
-0.1084486
-0.1001724
-0.09091175
-0.08122773
-0.07168318
-0.06175265
-0.05106859
-0.04034555
-0.03033797
-0.02176171
-0.01403433
-0.006489248
0.0002726528
0.005624006
0.008959762
0.01098208
0.01273780
0.01412431
0.01503312
0.01536000
0.01448538
0.01227302
0.009345750
0.006329137
0.003839762
0.001746274
-0.0003830916
-0.002359261
-0.004000754
-0.005120186
-0.005895469
-0.006593836
-0.007159781
-0.007540136
-0.007680000
-0.007680781
-0.007680390
-0.007679608
-0.007679218
-0.007680000
-0.008206609
-0.009615408
-0.01165849
-0.01408411
-0.01663904
-0.01975827
-0.02381620
-0.02849519
-0.03346611
-0.03839874
-0.04353083
-0.04909096
-0.05477943
-0.06027549
-0.06527933
-0.06988266
-0.07432299
-0.07851471
-0.08235592
-0.08575990
-0.08874197
-0.09144143
-0.09392893
-0.09627585
-0.09856021
-0.1006872
-0.1026231
-0.1045171
-0.1065258
-0.1088005
-0.1114778
-0.1145018
-0.1177194
-0.1209894
-0.1241580
-0.1274769
-0.1310419
-0.1344807
-0.1374311
-0.1395192
-0.1410353
-0.1424285
-0.1435748
-0.1443533
-0.1446400
-0.1438129
-0.1416483
-0.1386147
-0.1351868
-0.1318409
-0.1282807
-0.1241271
-0.1197008
-0.1153385
-0.1113607
-0.1076841
-0.1040770
-0.1006400
-0.09748722
-0.09472020
-0.09225219
-0.08994572
-0.08785004
-0.08601368
-0.08447994
-0.08318356
-0.08202252
-0.08099813
-0.08011115
-0.07935991
-0.07865741
-0.07796815
-0.07737490
-0.07695809
-0.07680000
-0.07679870
-0.07679805
-0.07679805
-0.07679869
-0.07680000
-0.07701130
-0.07758589
-0.07843810
-0.07948483
-0.08063947
-0.08229818
-0.08470739
-0.08757000
-0.09058207
-0.09343910
-0.09615079
-0.09891535
-0.1017353
-0.1046024
-0.1075193
-0.1106365
-0.1139546
-0.1172541
-0.1203025
-0.1228798
-0.1252610
-0.1276623
-0.1297717
-0.1312689
-0.1318400
-0.1318413
-0.1318419
-0.1318419
-0.1318413
-0.1318400
-0.1314706
-0.1305281
-0.1292595
-0.1279078
-0.1267198
-0.1256417
-0.1245081
-0.1234027
-0.1224056
-0.1216004
-0.1210198
-0.1205759
-0.1201665
-0.1196885
-0.1190404
-0.1180448
-0.1166694
-0.1150222
-0.1132152
-0.1113607
-0.1093292
-0.1070200
-0.1045719
-0.1021303
-0.09984057
-0.09745967
-0.09489372
-0.09249130
-0.09061011
-0.08960008
-0.08917551
-0.08882185
-0.08855208
-0.08838035
-0.08832000
-0.08885346
-0.09022906
-0.09210610
-0.09414198
-0.09600014
-0.09798945
-0.1003448
-0.1025988
-0.1042926
-0.1049600
-0.1048971
-0.1047201
-0.1044467
-0.1040940
-0.1036803
-0.1028465
-0.1013977
-0.09959935
-0.09771150
-0.09600081
-0.09421848
-0.09219014
-0.09028654
-0.08887281
-0.08832000
-0.08856576
-0.08921043
-0.09011696
-0.09114650
-0.09215972
-0.09337189
-0.09489850
-0.09646076
-0.09777431
-0.09855994
-0.09896629
-0.09931766
-0.09959427
-0.09977508
-0.09983999
-0.09939834
-0.09825776
-0.09669786
-0.09499988
-0.09343994
-0.09181874
-0.08994211
-0.08811019
-0.08661649
-0.08575994
-0.08534617
-0.08499345
-0.08472003
-0.08454292
-0.08448000
-0.08492196
-0.08606273
-0.08762112
-0.08932071
-0.09087922
-0.09244926
-0.09422057
-0.09597345
-0.09749333
-0.09855967
-0.09931774
-0.1000137
-0.1005874
-0.1009767
-0.1011200
-0.1007274
-0.09968702
-0.09820172
-0.09647899
-0.09472039
-0.09268416
-0.09015073
-0.08735249
-0.08453172
-0.08192026
-0.07943473
-0.07690935
-0.07447547
-0.07226411
-0.07039999
-0.06868210
-0.06696252
-0.06546251
-0.06440251
-0.06400001
-0.06407163
-0.06426624
-0.06455279
-0.06490108
-0.06528011
-0.06578451
-0.06648694
-0.06732029
-0.06822030
-0.06911947
-0.07005017
-0.07106289
-0.07212141
-0.07319267
-0.07423950
-0.07526392
-0.07628737
-0.07731179
-0.07833620
-0.07935964
-0.08036584
-0.08135290
-0.08234998
-0.08338350
-0.08447971
-0.08587375
-0.08755053
-0.08917218
-0.09039492
-0.09088001
-0.09088132
-0.09088197
-0.09088197
-0.09088133
-0.09088002
-0.09036170
-0.08901838
-0.08716605
-0.08512260
-0.08319987
-0.08134018
-0.07931478
-0.07719773
-0.07505524
-0.07295959
-0.07058523
-0.06788080
-0.06534257
-0.06345741
-0.06272000
-0.06277800
-0.06294531
-0.06321140
-0.06356652
-0.06399976
-0.06521737
-0.06765360
-0.07088622
-0.07450286
-0.07807861
-0.08185624
-0.08617336
-0.09078263
-0.09542436
-0.09983876
-0.1041671
-0.1085732
-0.1128680
-0.1168466
-0.1203194
-0.1233611
-0.1261717
-0.1287446
-0.1310631
-0.1331199
-0.1350235
-0.1368368
-0.1384656
-0.1398165
-0.1408000
-0.1415028
-0.1420902
-0.1425815
-0.1429981
-0.1433601
-0.1436705
-0.1439334
-0.1441688
-0.1443976
-0.1446401
-0.1448755
-0.1450906
-0.1453157
-0.1455821
-0.1459198
-0.1464421
-0.1471797
-0.1480394
-0.1489306
-0.1497597
-0.1506506
-0.1516633
-0.1526156
-0.1533226
-0.1536000
-0.1536013
-0.1536020
-0.1536020
-0.1536013
-0.1536000
-0.1531722
-0.1520633
-0.1505271
-0.1488219
-0.1472002
-0.1454857
-0.1434875
-0.1414509
-0.1396217
-0.1382400
-0.1372145
-0.1362986
-0.1355119
-0.1348732
-0.1343999
-0.1340213
-0.1336730
-0.1333864
-0.1331917
-0.1331200
-0.1332531
-0.1335706
-0.1339493
-0.1342669
-0.1344000
-0.1343283
-0.1341337
-0.1338471
-0.1334988
-0.1331202
-0.1326154
-0.1319136
-0.1310795
-0.1301795
-0.1292803
-0.1282950
-0.1271741
-0.1260326
-0.1249896
-0.1241602
-0.1235387
-0.1230133
-0.1225421
-0.1220849
-0.1216001
-0.1210606
-0.1204942
-0.1199410
-0.1194430
-0.1190400
-0.1187432
-0.1185075
-0.1182924
-0.1180570
-0.1177600
-0.1173925
-0.1169642
-0.1164642
-0.1158799
-0.1151998
-0.1143299
-0.1132104
-0.1118873
-0.1104020
-0.1088010
-0.1070312
-0.1050059
-0.1027153
-0.1001430
-0.09728157
-0.09384193
-0.08970825
-0.08512207
-0.08031142
-0.07552193
-0.07057469
-0.06530879
-0.05995045
-0.05474103
-0.04992132
-0.04502242
-0.03987335
-0.03511992
-0.03142600
-0.02944016
-0.02859104
-0.02788372
-0.02734417
-0.02700072
-0.02688000
-0.02768363
-0.02980517
-0.03280522
-0.03624105
-0.03968017
-0.04359064
-0.04838996
-0.05353229
-0.05849006
-0.06272061
-0.06667516
-0.07078102
-0.07444105
-0.07707216
-0.07808001
-0.07795582
-0.07760482
-0.07706037
-0.07635424
-0.07552051
-0.07368492
-0.07041189
-0.06639617
-0.06232026
-0.05888128
-0.05583335
-0.05270218
-0.04981141
-0.04749389
-0.04608028
-0.04526757
-0.04456478
-0.04401155
-0.04364986
-0.04352000
-0.04423827
-0.04608280
-0.04859434
-0.05130588
-0.05375979
-0.05604945
-0.05849102
-0.06093913
-0.06324839
-0.06528005
-0.06713451
-0.06894159
-0.07058883
-0.07196434
-0.07296009
-0.07366287
-0.07425024
-0.07474152
-0.07515814
-0.07552011
-0.07587123
-0.07621559
-0.07651200
-0.07672045
-0.07680000
-0.07680130
-0.07680196
-0.07680194
-0.07680131
-0.07680000
-0.07646314
-0.07558710
-0.07436650
-0.07299840
-0.07168046
-0.07021768
-0.06846149
-0.06666669
-0.06509454
-0.06400020
-0.06324213
-0.06254618
-0.06197248
-0.06158352
-0.06144001
-0.06184250
-0.06290249
-0.06440250
-0.06612041
-0.06783998
-0.06968468
-0.07186308
-0.07427075
-0.07680244
-0.07936025
-0.08206563
-0.08500253
-0.08799120
-0.09086297
-0.09344050
-0.09589071
-0.09835880
-0.1006229
-0.1024700
-0.1036795
-0.1043885
-0.1049253
-0.1053633
-0.1057772
-0.1062397
-0.1067110
-0.1071408
-0.1075915
-0.1081242
-0.1087997
-0.1098256
-0.1112614
-0.1129540
-0.1147460
-0.1164795
-0.1182622
-0.1201985
-0.1221417
-0.1239378
-0.1254398
-0.1268069
-0.1281802
-0.1293834
-0.1302357
-0.1305600
-0.1301765
-0.1291523
-0.1276797
-0.1259526
-0.1241599
-0.1219760
-0.1191534
-0.1160182
-0.1128854
-0.1100796
-0.1074878
-0.1048807
-0.1024206
-0.1002603
-0.09856097
-0.09712049
-0.09573673
-0.09456211
-0.09374564
-0.09344000
-0.09371641
-0.09442327
-0.09537507
-0.09638923
-0.09727967
-0.09810942
-0.09899981
-0.09986033
-0.1005979
-0.1011199
-0.1014989
-0.1018469
-0.1021337
-0.1023282
-0.1024000
-0.1021883
-0.1016629
-0.1009868
-0.1003250
-0.09984002
-0.09948865
-0.09914377
-0.09884669
-0.09863858
-0.09856001
-0.09889554
-0.09977229
-0.1009934
-0.1023607
-0.1036802
-0.1050188
-0.1065308
-0.1081396
-0.1097746
-0.1113604
-0.1129774
-0.1146779
-0.1163359
-0.1178316
-0.1190394
-0.1200945
-0.1211292
-0.1220196
-0.1226445
-0.1228800
-0.1226343
-0.1219896
-0.1210831
-0.1200536
-0.1190403
-0.1179648
-0.1167111
-0.1153537
-0.1139721
-0.1126403
-0.1113086
-0.1099269
-0.1085696
-0.1073158
-0.1062401
-0.1053243
-0.1044922
-0.1037332
-0.1030392
-0.1024000
-0.1017955
-0.1012204
-0.1006918
-0.1002265
-0.09983997
-0.09955407
-0.09934030
-0.09914177
-0.09890072
-0.09855993
-0.09797417
-0.09708837
-0.09598458
-0.09474116
-0.09344083
-0.09193911
-0.09014139
-0.08820006
-0.08626191
-0.08448085
-0.08278665
-0.08107828
-0.07944705
-0.07798921
-0.07680041
-0.07588571
-0.07513272
-0.07445221
-0.07375706
-0.07296025
-0.07200610
-0.07094757
-0.06985293
-0.06879438
-0.06784017
-0.06700160
-0.06622526
-0.06548328
-0.06475079
-0.06400006
-0.06310973
-0.06209557
-0.06114287
-0.06043666
-0.06016000
-0.06037483
-0.06095865
-0.06181827
-0.06286310
-0.06400021
-0.06554662
-0.06772043
-0.07027036
-0.07295378
-0.07551840
-0.07801467
-0.08060805
-0.08323128
-0.08582467
-0.08831866
-0.09084301
-0.09344131
-0.09592754
-0.09812277
-0.09983937
-0.1011706
-0.1023348
-0.1033466
-0.1042176
-0.1049598
-0.1055540
-0.1060247
-0.1064550
-0.1069258
-0.1075199
-0.1082929
-0.1092236
-0.1102808
-0.1114297
-0.1126399
-0.1141538
-0.1160170
-0.1178908
-0.1194365
-0.1203200
-0.1207338
-0.1210865
-0.1213599
-0.1215371
-0.1216000
-0.1213729
-0.1207644
-0.1198864
-0.1188477
-0.1177597
-0.1163795
-0.1145485
-0.1125139
-0.1105156
-0.1088009
-0.1072960
-0.1058228
-0.1044630
-0.1032947
-0.1024003
-0.1016657
-0.1009727
-0.1003901
-0.09998915
-0.09984000
-0.09993216
-0.1001675
-0.1004851
-0.1008228
-0.1011199
-0.1013624
-0.1015910
-0.1018266
-0.1020892
-0.1024000
-0.1028029
-0.1033010
-0.1038541
-0.1044205
-0.1049600
-0.1054262
-0.1058474
-0.1062913
-0.1068258
-0.1075201
-0.1086105
-0.1101960
-0.1121302
-0.1142734
-0.1164805
-0.1189161
-0.1217260
-0.1247227
-0.1277295
-0.1305583
-0.1332190
-0.1358329
-0.1383946
-0.1409058
-0.1433588
-0.1459256
-0.1486065
-0.1511590
-0.1533330
-0.1548795
-0.1559183
-0.1567658
-0.1574788
-0.1581119
-0.1587198
-0.1592976
-0.1598175
-0.1603051
-0.1607841
-0.1612799
-0.1617570
-0.1621985
-0.1626581
-0.1631873
-0.1638400
-0.1647341
-0.1659024
-0.1672634
-0.1687352
-0.1702401
-0.1718878
-0.1737521
-0.1756864
-0.1775509
-0.1792002
-0.1808204
-0.1825273
-0.1840621
-0.1851722
-0.1856000
-0.1856013
-0.1856019
-0.1856019
-0.1856013
-0.1856000
-0.1853401
-0.1846682
-0.1837431
-0.1827207
-0.1817604
-0.1808479
-0.1798725
-0.1788403
-0.1777600
-0.1766404
-0.1754695
-0.1742388
-0.1729521
-0.1716180
-0.1702403
-0.1688282
-0.1673744
-0.1658569
-0.1642596
-0.1625602
-0.1607659
-0.1588717
-0.1568510
-0.1546778
-0.1523199
-0.1496805
-0.1467322
-0.1435712
-0.1402824
-0.1369595
-0.1334851
-0.1297841
-0.1260327
-0.1223934
-0.1190392
-0.1159085
-0.1128640
-0.1099805
-0.1073215
-0.1049613
-0.1026271
-0.1002294
-0.09810439
-0.09658237
-0.09599999
-0.09599870
-0.09599805
-0.09599804
-0.09599870
-0.09600000
-0.09636971
-0.09731131
-0.09858113
-0.09993158
-0.1011197
-0.1023080
-0.1036590
-0.1049293
-0.1058710
-0.1062400
-0.1061786
-0.1060045
-0.1057331
-0.1053800
-0.1049600
-0.1040647
-0.1024515
-0.1003899
-0.09815108
-0.09599980
-0.09380764
-0.09137829
-0.08889592
-0.08653559
-0.08447961
-0.08269882
-0.08103924
-0.07950407
-0.07809034
-0.07680078
-0.07548165
-0.07411357
-0.07289398
-0.07201691
-0.07168001
-0.07167923
-0.07167962
-0.07168040
-0.07168079
-0.07168002
-0.07152195
-0.07110568
-0.07051194
-0.06982338
-0.06912019
-0.06825970
-0.06715441
-0.06596611
-0.06486074
-0.06400012
-0.06329669
-0.06260757
-0.06201340
-0.06159716
-0.06144001
-0.06174528
-0.06256148
-0.06373718
-0.06511961
-0.06656009
-0.06831754
-0.07059482
-0.07314259
-0.07572041
-0.07808040
-0.08027991
-0.08248967
-0.08462104
-0.08659354
-0.08831897
-0.08992517
-0.09150251
-0.09291569
-0.09403341
-0.09471978
-0.09512615
-0.09547784
-0.09575417
-0.09593517
-0.09600000
-0.09576450
-0.09514029
-0.09424912
-0.09321447
-0.09216033
-0.09095155
-0.08945738
-0.08779787
-0.08609893
-0.08448032
-0.08289452
-0.08126111
-0.07965073
-0.07814009
-0.07680012
-0.07554743
-0.07430992
-0.07318716
-0.07227832
-0.07168000
-0.07128495
-0.07093458
-0.07065412
-0.07046763
-0.07040001
-0.07047163
-0.07066625
-0.07095280
-0.07130107
-0.07168011
-0.07220207
-0.07293963
-0.07379930
-0.07469055
-0.07551958
-0.07622647
-0.07687184
-0.07754730
-0.07834633
-0.07935947
-0.08084649
-0.08289676
-0.08535788
-0.08807169
-0.09087902
-0.09392730
-0.09737055
-0.1010856
-0.1049359
-0.1087991
-0.1128433
-0.1171578
-0.1215031
-0.1256237
-0.1292796
-0.1328778
-0.1366381
-0.1400062
-0.1424289
-0.1433600
-0.1433014
-0.1431329
-0.1428656
-0.1425111
-0.1420799
-0.1409558
-0.1387517
-0.1358326
-0.1325538
-0.1292793
-0.1257465
-0.1216372
-0.1172512
-0.1128728
-0.1088024
-0.1049683
-0.1011726
-0.09750454
-0.09404335
-0.09088153
-0.08794484
-0.08514738
-0.08253504
-0.08016180
-0.07808076
-0.07612269
-0.07420589
-0.07249795
-0.07117313
-0.07040013
-0.06998596
-0.06963360
-0.06935991
-0.06918297
-0.06912000
-0.06919854
-0.06940664
-0.06970371
-0.07004827
-0.07039998
-0.07082979
-0.07138293
-0.07197707
-0.07252974
-0.07296002
-0.07325683
-0.07349246
-0.07370739
-0.07394298
-0.07424007
-0.07464261
-0.07514114
-0.07569379
-0.07626064
-0.07679967
-0.07727679
-0.07771875
-0.07817782
-0.07870758
-0.07935962
-0.08031153
-0.08159235
-0.08303868
-0.08448342
-0.08575952
-0.08695509
-0.08818416
-0.08932883
-0.09026763
-0.09087989
-0.09127532
-0.09162533
-0.09190603
-0.09209234
-0.09216000
-0.09184585
-0.09101348
-0.08982521
-0.08844700
-0.08704014
-0.08546647
-0.08354524
-0.08138713
-0.07910373
-0.07679994
-0.07437786
-0.07174858
-0.06905352
-0.06642413
-0.06399968
-0.06148005
-0.05875791
-0.05627462
-0.05446212
-0.05376001
-0.05375870
-0.05375805
-0.05375805
-0.05375871
-0.05376001
-0.05409681
-0.05497384
-0.05619339
-0.05756146
-0.05887943
-0.06024164
-0.06179685
-0.06344075
-0.06506452
-0.06655951
-0.06796574
-0.06935669
-0.07068613
-0.07190268
-0.07295977
-0.07391246
-0.07481822
-0.07563265
-0.07630818
-0.07679996
-0.07712409
-0.07736315
-0.07756803
-0.07778978
-0.07808001
-0.07850980
-0.07906295
-0.07965711
-0.08020977
-0.08064004
-0.08099142
-0.08133632
-0.08163314
-0.08184148
-0.08192001
-0.08177089
-0.08136994
-0.08078807
-0.08009442
-0.07936048
-0.07843135
-0.07719473
-0.07578384
-0.07432771
-0.07296064
-0.07159237
-0.07013762
-0.06872535
-0.06748873
-0.06656028
-0.06582563
-0.06513260
-0.06455010
-0.06414941
-0.06400001
-0.06441364
-0.06549606
-0.06701290
-0.06872518
-0.07039975
-0.07212672
-0.07409727
-0.07623063
-0.07843829
-0.08063991
-0.08290195
-0.08528820
-0.08769481
-0.09001788
-0.09216014
-0.09420905
-0.09624919
-0.09815849
-0.09982226
-0.1011202
-0.1022068
-0.1032451
-0.1041229
-0.1047316
-0.1049600
-0.1049613
-0.1049619
-0.1049620
-0.1049613
-0.1049600
-0.1048261
-0.1045093
-0.1041311
-0.1038138
-0.1036800
-0.1036787
-0.1036780
-0.1036781
-0.1036787
-0.1036800
-0.1038381
-0.1042544
-0.1048481
-0.1055367
-0.1062399
-0.1070692
-0.1081121
-0.1092535
-0.1103745
-0.1113599
-0.1123204
-0.1133434
-0.1142698
-0.1149409
-0.1152000
-0.1149729
-0.1143645
-0.1134865
-0.1124478
-0.1113598
-0.1100465
-0.1083494
-0.1064152
-0.1043834
-0.1024013
-0.1003644
-0.09817519
-0.09598218
-0.09392742
-0.09216091
-0.09055470
-0.08897737
-0.08756424
-0.08644654
-0.08576021
-0.08535384
-0.08500244
-0.08472580
-0.08454482
-0.08448000
-0.08463702
-0.08505319
-0.08564731
-0.08633641
-0.08703986
-0.08784572
-0.08884185
-0.08994820
-0.09108080
-0.09215987
-0.09320668
-0.09427793
-0.09533747
-0.09634923
-0.09728000
-0.09811778
-0.09889489
-0.09963616
-0.1003693
-0.1011201
-0.1019490
-0.1028403
-0.1037000
-0.1044376
-0.1049601
-0.1052842
-0.1055232
-0.1057279
-0.1059498
-0.1062398
-0.1066700
-0.1072231
-0.1078167
-0.1083699
-0.1087998
-0.1091515
-0.1094961
-0.1097932
-0.1100015
-0.1100800
-0.1098684
-0.1093430
-0.1086670
-0.1080051
-0.1075201
-0.1071686
-0.1068246
-0.1065279
-0.1063196
-0.1062400
-0.1062387
-0.1062380
-0.1062381
-0.1062387
-0.1062400
-0.1064763
-0.1071012
-0.1079920
-0.1090252
-0.1100801
-0.1113368
-0.1129307
-0.1146623
-0.1163383
-0.1177602
-0.1190129
-0.1202504
-0.1213721
-0.1222819
-0.1228797
-0.1232752
-0.1236255
-0.1239059
-0.1240924
-0.1241600
-0.1239450
-0.1233618
-0.1225014
-0.1214565
-0.1203205
-0.1187727
-0.1166010
-0.1140487
-0.1113653
-0.1088008
-0.1063794
-0.1039384
-0.1014252
-0.09879687
-0.09600057
-0.09287967
-0.08944938
-0.08591161
-0.08248126
-0.07936025
-0.07651579
-0.07378335
-0.07119400
-0.06877831
-0.06655993
-0.06445200
-0.06240447
-0.06051729
-0.05888303
-0.05759985
-0.05651295
-0.05547418
-0.05459601
-0.05398740
-0.05376001
-0.05382755
-0.05401398
-0.05429439
-0.05464473
-0.05503977
-0.05565243
-0.05659126
-0.05773478
-0.05896498
-0.06015947
-0.06137166
-0.06268505
-0.06403386
-0.06534852
-0.06655961
-0.06765688
-0.06868943
-0.06968653
-0.07067358
-0.07167978
-0.07286782
-0.07421824
-0.07548815
-0.07642996
-0.07680000
-0.07680105
-0.07680117
-0.07680079
-0.07680026
-0.07680000
